id,keywords
1,"[{'id': 1, 'name': 'Kalnai'}]"
2,"[{'id': 1, 'name': 'Kalnai'}]"
3,"[{'id': 2, 'name': 'Religingos vietos'},{'id': 10, 'name': 'Gamta'}]"
4,"[{'id': 2, 'name': 'Religingos vietos'}]"
5,"[{'id': 3, 'name': 'Sodybos'},{'id': 9, 'name': 'Dvarai'}]"
6,"[{'id': 2, 'name': 'Religingos vietos'}]"
7,"[{'id': 4, 'name': 'Muziejai'}]"
8,"[{'id': 1, 'name': 'Kalnai'}]"
9,"[{'id': 4, 'name': 'Muziejai'},{'id': 3, 'name': 'Sodybos'}]"
10,"[{'id': 2, 'name': 'Religingos vietos'}]"
11,"[{'id': 2, 'name': 'Religingos vietos'}]"
12,"[{'id': 5, 'name': 'Informacijos vietos'}]"
13,"[{'id': 2, 'name': 'Religingos vietos'}]"
14,"[{'id': 6, 'name': 'Architektūriniai kūriniai'}]"
15,"[{'id': 6, 'name': 'Architektūriniai kūriniai'}]"
16,"[{'id': 6, 'name': 'Architektūriniai kūriniai'}]"
17,"[{'id': 6, 'name': 'Architektūriniai kūriniai'}]"
18,"[{'id': 6, 'name': 'Architektūriniai kūriniai'}]"
19,"[{'id': 3, 'name': 'Sodybos'}]"
20,"[{'id': 1, 'name': 'Kalnai'}]"
21,"[{'id': 1, 'name': 'Kalnai'}]"
22,"[{'id': 5, 'name': 'Informacijos vietos'}]"
23,"[{'id': 7, 'name': 'Galerijos'}]"
24,"[{'id': 7, 'name': 'Galerijos'}]"
25,"[{'id': 7, 'name': 'Galerijos'}]"
26,"[{'id': 5, 'name': 'Informacijos vietos'}]"
27,"[{'id': 1, 'name': 'Kalnai'}]"
28,"[{'id': 2, 'name': 'Religingos vietos'}]"
29,"[{'id': 1, 'name': 'Kalnai'}]"
30,"[{'id': 1, 'name': 'Kalnai'}]"
31,"[{'id': 1, 'name': 'Kalnai'}]"
32,"[{'id': 2, 'name': 'Religingos vietos'}]"
33,"[{'id': 2, 'name': 'Religingos vietos'}]"
34,"[{'id': 5, 'name': 'Informacijos vietos'}]"
35,"[{'id': 4, 'name': 'Muziejai'}]"
36,"[{'id': 2, 'name': 'Religingos vietos'}]"
37,"[{'id': 8, 'name': 'Paminklai'}]"
38,"[{'id': 1, 'name': 'Kalnai'}]"
39,"[{'id': 4, 'name': 'Muziejai'}]"
40,"[{'id': 2, 'name': 'Religingos vietos'}]"
41,"[{'id': 2, 'name': 'Religingos vietos'}]"
42,"[{'id': 2, 'name': 'Religingos vietos'}]"
43,"[{'id': 1, 'name': 'Kalnai'}]"
44,"[{'id': 2, 'name': 'Religingos vietos'}]"
45,"[{'id': 1, 'name': 'Kalnai'}]"
46,"[{'id': 1, 'name': 'Kalnai'}]"
47,"[{'id': 9, 'name': 'Dvarai'}]"
48,"[{'id': 1, 'name': 'Kalnai'}]"
49,"[{'id': 2, 'name': 'Religingos vietos'}]"
50,"[{'id': 3, 'name': 'Sodybos'},{'id': 6, 'name': 'Architektūriniai kūriniai'}]"
51,"[{'id': 1, 'name': 'Kalnai'}]"
52,"[{'id': 7, 'name': 'Galerijos'}]"
53,"[{'id': 2, 'name': 'Religingos vietos'}]"
54,"[{'id': 1, 'name': 'Kalnai'}]"
55,"[{'id': 3, 'name': 'Sodybos'},{'id': 9, 'name': 'Dvarai'},{'id': 8, 'name': 'Paminklai'}]"
56,"[{'id': 2, 'name': 'Religingos vietos'}]"
57,"[{'id': 1, 'name': 'Kalnai'}]"
58,"[{'id': 7, 'name': 'Galerijos'}]"
59,"[{'id': 2, 'name': 'Religingos vietos'}]"
60,"[{'id': 2, 'name': 'Religingos vietos'}]"
61,"[{'id': 2, 'name': 'Religingos vietos'}]"
62,"[{'id': 2, 'name': 'Religingos vietos'}]"
63,"[{'id': 6, 'name': 'Architektūriniai kūriniai'}]"
64,"[{'id': 2, 'name': 'Religingos vietos'}]"
65,[]
66,"[{'id': 2, 'name': 'Religingos vietos'}]"
67,[]
68,"[{'id': 1, 'name': 'Kalnai'}]"
69,"[{'id': 1, 'name': 'Kalnai'}]"
70,"[{'id': 4, 'name': 'Muziejai'}]"
71,"[{'id': 10, 'name': 'Gamta'}]"
72,"[{'id': 10, 'name': 'Gamta'}]"
73,"[{'id': 4, 'name': 'Muziejai'}]"
74,"[{'id': 6, 'name': 'Architektūriniai kūriniai'}]"
75,"[{'id': 2, 'name': 'Religingos vietos'}]"
76,"[{'id': 10, 'name': 'Gamta'}]"
77,[]
78,"[{'id': 2, 'name': 'Religingos vietos'}]"
79,"[{'id': 3, 'name': 'Sodybos'},{'id': 9, 'name': 'Dvarai'}]"
80,"[{'id': 3, 'name': 'Sodybos'},{'id': 9, 'name': 'Dvarai'}]"
81,"[{'id': 2, 'name': 'Religingos vietos'}]"
82,"[{'id': 2, 'name': 'Religingos vietos'}]"
83,"[{'id': 2, 'name': 'Religingos vietos'}]"
84,"[{'id': 8, 'name': 'Paminklai'}]"
85,"[{'id': 2, 'name': 'Religingos vietos'}]"
86,"[{'id': 8, 'name': 'Paminklai'}]"
87,[]
88,"[{'id': 8, 'name': 'Paminklai'}]"
89,"[{'id': 2, 'name': 'Religingos vietos'}]"
90,"[{'id': 2, 'name': 'Religingos vietos'}]"
91,"[{'id': 2, 'name': 'Religingos vietos'}]"
92,"[{'id': 2, 'name': 'Religingos vietos'}]"
93,"[{'id': 2, 'name': 'Religingos vietos'}]"
94,"[{'id': 4, 'name': 'Muziejai'},{'id': 3, 'name': 'Sodybos'}]"
95,[]
96,"[{'id': 4, 'name': 'Muziejai'}]"
97,"[{'id': 2, 'name': 'Religingos vietos'}]"
98,[]
99,"[{'id': 4, 'name': 'Muziejai'}]"
100,"[{'id': 4, 'name': 'Muziejai'}]"
101,"[{'id': 4, 'name': 'Muziejai'}]"
102,"[{'id': 4, 'name': 'Muziejai'}]"
103,"[{'id': 4, 'name': 'Muziejai'}]"
104,[]
105,"[{'id': 4, 'name': 'Muziejai'}]"
106,[]
107,"[{'id': 7, 'name': 'Galerijos'}]"
108,"[{'id': 7, 'name': 'Galerijos'}]"
109,"[{'id': 7, 'name': 'Galerijos'}]"
110,[]
111,"[{'id': 7, 'name': 'Galerijos'}]"
112,"[{'id': 7, 'name': 'Galerijos'}]"
113,"[{'id': 12, 'name': 'Parkai'},{'id': 7, 'name': 'Galerijos'}]"
114,"[{'id': 7, 'name': 'Galerijos'}]"
115,"[{'id': 7, 'name': 'Galerijos'}]"
116,"[{'id': 3, 'name': 'Sodybos'}]"
117,"[{'id': 9, 'name': 'Dvarai'}]"
118,[]
119,"[{'id': 4, 'name': 'Muziejai'}]"
120,"[{'id': 5, 'name': 'Informacijos vietos'}]"
121,"[{'id': 12, 'name': 'Parkai'}]"
122,"[{'id': 10, 'name': 'Gamta'}]"
123,"[{'id': 1, 'name': 'Kalnai'}]"
124,"[{'id': 1, 'name': 'Kalnai'}]"
125,"[{'id': 2, 'name': 'Religingos vietos'}]"
126,"[{'id': 2, 'name': 'Religingos vietos'}]"
127,"[{'id': 1, 'name': 'Kalnai'}]"
128,"[{'id': 1, 'name': 'Kalnai'}]"
129,[]
130,"[{'id': 8, 'name': 'Paminklai'}]"
131,"[{'id': 1, 'name': 'Kalnai'}]"
132,"[{'id': 12, 'name': 'Parkai'}]"
133,"[{'id': 2, 'name': 'Religingos vietos'}]"
134,"[{'id': 9, 'name': 'Dvarai'}]"
135,"[{'id': 2, 'name': 'Religingos vietos'}]"
136,"[{'id': 1, 'name': 'Kalnai'}]"
137,"[{'id': 1, 'name': 'Kalnai'}]"
138,"[{'id': 2, 'name': 'Religingos vietos'}]"
139,"[{'id': 1, 'name': 'Kalnai'}]"
140,"[{'id': 1, 'name': 'Kalnai'}]"
141,"[{'id': 1, 'name': 'Kalnai'}]"
142,"[{'id': 1, 'name': 'Kalnai'},{'id': 2, 'name': 'Religingos vietos'}]"
143,"[{'id': 4, 'name': 'Muziejai'}]"
144,"[{'id': 4, 'name': 'Muziejai'},{'id': 6, 'name': 'Architektūriniai kūriniai'}]"
145,"[{'id': 2, 'name': 'Religingos vietos'}]"
146,[]
147,[]
148,[]
149,"[{'id': 10, 'name': 'Gamta'}]"
150,"[{'id': 8, 'name': 'Paminklai'}]"
151,"[{'id': 9, 'name': 'Dvarai'}]"
152,[]
153,"[{'id': 10, 'name': 'Gamta'}]"
154,"[{'id': 10, 'name': 'Gamta'}]"
155,"[{'id': 1, 'name': 'Kalnai'}]"
156,"[{'id': 2, 'name': 'Religingos vietos'}]"
157,"[{'id': 9, 'name': 'Dvarai'}]"
158,"[{'id': 9, 'name': 'Dvarai'}]"
159,"[{'id': 4, 'name': 'Muziejai'}]"
160,"[{'id': 1, 'name': 'Kalnai'}]"
161,"[{'id': 2, 'name': 'Religingos vietos'}]"
162,"[{'id': 9, 'name': 'Dvarai'}]"
163,[]
164,"[{'id': 8, 'name': 'Paminklai'}]"
165,"[{'id': 10, 'name': 'Gamta'}]"
166,"[{'id': 9, 'name': 'Dvarai'}]"
167,"[{'id': 2, 'name': 'Religingos vietos'}]"
168,"[{'id': 2, 'name': 'Religingos vietos'}]"
169,"[{'id': 4, 'name': 'Muziejai'}]"
170,"[{'id': 4, 'name': 'Muziejai'}]"
171,"[{'id': 9, 'name': 'Dvarai'}]"
172,"[{'id': 1, 'name': 'Kalnai'}]"
173,"[{'id': 4, 'name': 'Muziejai'}]"
174,"[{'id': 4, 'name': 'Muziejai'},{'id': 3, 'name': 'Sodybos'}]"
175,"[{'id': 5, 'name': 'Informacijos vietos'}]"
176,"[{'id': 2, 'name': 'Religingos vietos'}]"
177,"[{'id': 2, 'name': 'Religingos vietos'}]"
178,"[{'id': 2, 'name': 'Religingos vietos'}]"
179,"[{'id': 1, 'name': 'Kalnai'},{'id': 10, 'name': 'Gamta'}]"
180,[]
181,"[{'id': 2, 'name': 'Religingos vietos'}]"
182,[]
183,"[{'id': 8, 'name': 'Paminklai'}]"
184,"[{'id': 5, 'name': 'Informacijos vietos'}]"
185,"[{'id': 4, 'name': 'Muziejai'}]"
186,"[{'id': 2, 'name': 'Religingos vietos'}]"
187,"[{'id': 5, 'name': 'Informacijos vietos'}]"
188,[]
189,"[{'id': 2, 'name': 'Religingos vietos'}]"
190,"[{'id': 2, 'name': 'Religingos vietos'}]"
191,[]
192,"[{'id': 2, 'name': 'Religingos vietos'},{'id': 8, 'name': 'Paminklai'}]"
193,"[{'id': 3, 'name': 'Sodybos'},{'id': 8, 'name': 'Paminklai'}]"
194,"[{'id': 2, 'name': 'Religingos vietos'}]"
195,"[{'id': 1, 'name': 'Kalnai'}]"
196,[]
197,[]
198,[]
199,"[{'id': 3, 'name': 'Sodybos'}]"
200,"[{'id': 2, 'name': 'Religingos vietos'}]"
201,"[{'id': 2, 'name': 'Religingos vietos'}]"
202,"[{'id': 4, 'name': 'Muziejai'}]"
203,"[{'id': 6, 'name': 'Architektūriniai kūriniai'}]"
204,[]
205,"[{'id': 2, 'name': 'Religingos vietos'}]"
206,"[{'id': 1, 'name': 'Kalnai'},{'id': 6, 'name': 'Architektūriniai kūriniai'}]"
207,"[{'id': 1, 'name': 'Kalnai'}]"
208,"[{'id': 2, 'name': 'Religingos vietos'}]"
209,"[{'id': 5, 'name': 'Informacijos vietos'}]"
210,"[{'id': 4, 'name': 'Muziejai'}]"
211,[]
212,"[{'id': 1, 'name': 'Kalnai'}]"
213,"[{'id': 1, 'name': 'Kalnai'}]"
214,"[{'id': 2, 'name': 'Religingos vietos'},{'id': 10, 'name': 'Gamta'}]"
215,"[{'id': 4, 'name': 'Muziejai'}]"
216,"[{'id': 10, 'name': 'Gamta'}]"
217,"[{'id': 8, 'name': 'Paminklai'}]"
218,"[{'id': 6, 'name': 'Architektūriniai kūriniai'}]"
219,"[{'id': 4, 'name': 'Muziejai'}]"
220,"[{'id': 2, 'name': 'Religingos vietos'}]"
221,"[{'id': 2, 'name': 'Religingos vietos'}]"
222,[]
223,"[{'id': 9, 'name': 'Dvarai'}]"
224,"[{'id': 1, 'name': 'Kalnai'}]"
225,"[{'id': 5, 'name': 'Informacijos vietos'}]"
226,"[{'id': 4, 'name': 'Muziejai'},{'id': 6, 'name': 'Architektūriniai kūriniai'}]"
227,[]
228,"[{'id': 4, 'name': 'Muziejai'}]"
229,"[{'id': 4, 'name': 'Muziejai'}]"
230,"[{'id': 4, 'name': 'Muziejai'}]"
231,"[{'id': 6, 'name': 'Architektūriniai kūriniai'}]"
232,"[{'id': 5, 'name': 'Informacijos vietos'}]"
233,"[{'id': 4, 'name': 'Muziejai'}]"
234,"[{'id': 4, 'name': 'Muziejai'}]"
235,"[{'id': 4, 'name': 'Muziejai'}]"
236,"[{'id': 6, 'name': 'Architektūriniai kūriniai'}]"
237,"[{'id': 4, 'name': 'Muziejai'}]"
238,"[{'id': 4, 'name': 'Muziejai'}]"
239,"[{'id': 7, 'name': 'Galerijos'}]"
240,"[{'id': 7, 'name': 'Galerijos'}]"
241,"[{'id': 2, 'name': 'Religingos vietos'}]"
242,"[{'id': 9, 'name': 'Dvarai'}]"
243,[]
244,"[{'id': 2, 'name': 'Religingos vietos'}]"
245,"[{'id': 1, 'name': 'Kalnai'}]"
246,"[{'id': 2, 'name': 'Religingos vietos'}]"
247,"[{'id': 2, 'name': 'Religingos vietos'}]"
248,"[{'id': 2, 'name': 'Religingos vietos'}]"
249,"[{'id': 4, 'name': 'Muziejai'}]"
250,"[{'id': 2, 'name': 'Religingos vietos'}]"
251,"[{'id': 8, 'name': 'Paminklai'}]"
252,"[{'id': 2, 'name': 'Religingos vietos'}]"
253,"[{'id': 2, 'name': 'Religingos vietos'}]"
254,"[{'id': 4, 'name': 'Muziejai'}]"
255,"[{'id': 6, 'name': 'Architektūriniai kūriniai'}]"
256,"[{'id': 4, 'name': 'Muziejai'}]"
257,"[{'id': 4, 'name': 'Muziejai'}]"
258,"[{'id': 4, 'name': 'Muziejai'}]"
259,"[{'id': 4, 'name': 'Muziejai'}]"
260,[]
261,"[{'id': 4, 'name': 'Muziejai'}]"
262,"[{'id': 4, 'name': 'Muziejai'}]"
263,[]
264,"[{'id': 1, 'name': 'Kalnai'}]"
265,[]
266,[]
267,"[{'id': 2, 'name': 'Religingos vietos'}]"
268,"[{'id': 9, 'name': 'Dvarai'}]"
269,"[{'id': 2, 'name': 'Religingos vietos'}]"
270,"[{'id': 2, 'name': 'Religingos vietos'}]"
271,[]
272,"[{'id': 2, 'name': 'Religingos vietos'}]"
273,"[{'id': 1, 'name': 'Kalnai'}]"
274,"[{'id': 2, 'name': 'Religingos vietos'}]"
275,"[{'id': 2, 'name': 'Religingos vietos'}]"
276,[]
277,"[{'id': 2, 'name': 'Religingos vietos'}]"
278,"[{'id': 3, 'name': 'Sodybos'}]"
279,"[{'id': 12, 'name': 'Parkai'}]"
280,"[{'id': 2, 'name': 'Religingos vietos'}]"
281,"[{'id': 2, 'name': 'Religingos vietos'}]"
282,[]
283,"[{'id': 9, 'name': 'Dvarai'}]"
284,"[{'id': 1, 'name': 'Kalnai'}]"
285,"[{'id': 1, 'name': 'Kalnai'}]"
286,"[{'id': 12, 'name': 'Parkai'}]"
287,"[{'id': 12, 'name': 'Parkai'}]"
288,[]
289,[]
290,[]
291,"[{'id': 5, 'name': 'Informacijos vietos'}]"
292,"[{'id': 5, 'name': 'Informacijos vietos'}]"
293,"[{'id': 5, 'name': 'Informacijos vietos'}]"
294,"[{'id': 4, 'name': 'Muziejai'}]"
295,"[{'id': 2, 'name': 'Religingos vietos'}]"
296,[]
297,[]
298,[]
299,[]
300,[]
301,[]
302,[]
303,[]
304,[]
305,[]
306,[]
307,[]
308,"[{'id': 8, 'name': 'Paminklai'}]"
309,"[{'id': 2, 'name': 'Religingos vietos'}]"
310,"[{'id': 2, 'name': 'Religingos vietos'}]"
311,[]
312,"[{'id': 1, 'name': 'Kalnai'}]"
313,"[{'id': 9, 'name': 'Dvarai'}]"
314,"[{'id': 9, 'name': 'Dvarai'}]"
315,[]
316,"[{'id': 4, 'name': 'Muziejai'}]"
317,"[{'id': 4, 'name': 'Muziejai'}]"
318,"[{'id': 1, 'name': 'Kalnai'}]"
319,"[{'id': 8, 'name': 'Paminklai'}]"
320,"[{'id': 2, 'name': 'Religingos vietos'}]"
321,"[{'id': 2, 'name': 'Religingos vietos'}]"
322,"[{'id': 2, 'name': 'Religingos vietos'}]"
323,[]
324,"[{'id': 2, 'name': 'Religingos vietos'}]"
325,"[{'id': 2, 'name': 'Religingos vietos'}]"
326,"[{'id': 10, 'name': 'Gamta'}]"
327,"[{'id': 4, 'name': 'Muziejai'}]"
328,"[{'id': 1, 'name': 'Kalnai'}]"
329,"[{'id': 4, 'name': 'Muziejai'}]"
330,"[{'id': 8, 'name': 'Paminklai'}]"
331,[]
332,"[{'id': 2, 'name': 'Religingos vietos'}]"
333,"[{'id': 2, 'name': 'Religingos vietos'}]"
334,"[{'id': 1, 'name': 'Kalnai'}]"
335,"[{'id': 2, 'name': 'Religingos vietos'}]"
336,"[{'id': 4, 'name': 'Muziejai'}]"
337,"[{'id': 4, 'name': 'Muziejai'}]"
338,"[{'id': 4, 'name': 'Muziejai'}]"
339,"[{'id': 9, 'name': 'Dvarai'}]"
340,"[{'id': 4, 'name': 'Muziejai'}]"
341,"[{'id': 4, 'name': 'Muziejai'}]"
342,"[{'id': 4, 'name': 'Muziejai'}]"
343,"[{'id': 4, 'name': 'Muziejai'}]"
344,"[{'id': 4, 'name': 'Muziejai'}]"
345,"[{'id': 4, 'name': 'Muziejai'}]"
346,"[{'id': 4, 'name': 'Muziejai'}]"
347,"[{'id': 4, 'name': 'Muziejai'}]"
348,"[{'id': 4, 'name': 'Muziejai'}]"
349,"[{'id': 4, 'name': 'Muziejai'}]"
350,"[{'id': 8, 'name': 'Paminklai'}]"
351,"[{'id': 10, 'name': 'Gamta'}]"
352,"[{'id': 9, 'name': 'Dvarai'}]"
353,"[{'id': 1, 'name': 'Kalnai'}]"
354,"[{'id': 2, 'name': 'Religingos vietos'}]"
355,"[{'id': 10, 'name': 'Gamta'}]"
356,"[{'id': 4, 'name': 'Muziejai'}]"
357,[]
358,"[{'id': 8, 'name': 'Paminklai'}]"
359,"[{'id': 7, 'name': 'Galerijos'}]"
360,"[{'id': 4, 'name': 'Muziejai'}]"
361,"[{'id': 4, 'name': 'Muziejai'},{'id': 7, 'name': 'Galerijos'}]"
362,"[{'id': 1, 'name': 'Kalnai'}]"
363,"[{'id': 2, 'name': 'Religingos vietos'}]"
364,[]
365,"[{'id': 3, 'name': 'Sodybos'}]"
366,"[{'id': 4, 'name': 'Muziejai'}]"
367,"[{'id': 10, 'name': 'Gamta'}]"
368,"[{'id': 10, 'name': 'Gamta'}]"
369,"[{'id': 2, 'name': 'Religingos vietos'}]"
370,"[{'id': 1, 'name': 'Kalnai'}]"
371,[]
372,"[{'id': 12, 'name': 'Parkai'}]"
373,[]
374,[]
375,[]
376,[]
377,"[{'id': 2, 'name': 'Religingos vietos'}]"
378,[]
379,[]
380,"[{'id': 3, 'name': 'Sodybos'}]"
381,[]
382,"[{'id': 9, 'name': 'Dvarai'}]"
383,[]
384,"[{'id': 4, 'name': 'Muziejai'}]"
385,"[{'id': 5, 'name': 'Informacijos vietos'}]"
386,"[{'id': 4, 'name': 'Muziejai'},{'id': 6, 'name': 'Architektūriniai kūriniai'}]"
387,"[{'id': 3, 'name': 'Sodybos'}]"
388,"[{'id': 4, 'name': 'Muziejai'}]"
389,"[{'id': 4, 'name': 'Muziejai'}]"
390,[]
391,"[{'id': 1, 'name': 'Kalnai'},{'id': 10, 'name': 'Gamta'}]"
392,[]
393,[]
394,"[{'id': 2, 'name': 'Religingos vietos'}]"
395,[]
396,[]
397,"[{'id': 8, 'name': 'Paminklai'}]"
398,"[{'id': 7, 'name': 'Galerijos'}]"
399,"[{'id': 7, 'name': 'Galerijos'}]"
400,"[{'id': 2, 'name': 'Religingos vietos'}]"
401,"[{'id': 2, 'name': 'Religingos vietos'}]"
402,[]
403,"[{'id': 2, 'name': 'Religingos vietos'}]"
404,[]
405,"[{'id': 12, 'name': 'Parkai'}]"
406,"[{'id': 12, 'name': 'Parkai'}]"
407,[]
408,[]
409,"[{'id': 2, 'name': 'Religingos vietos'}]"
410,"[{'id': 7, 'name': 'Galerijos'}]"
411,"[{'id': 12, 'name': 'Parkai'}]"
412,"[{'id': 12, 'name': 'Parkai'}]"
413,"[{'id': 1, 'name': 'Kalnai'},{'id': 10, 'name': 'Gamta'}]"
414,"[{'id': 1, 'name': 'Kalnai'}]"
415,[]
416,"[{'id': 5, 'name': 'Informacijos vietos'}]"
417,"[{'id': 1, 'name': 'Kalnai'}]"
418,"[{'id': 1, 'name': 'Kalnai'}]"
419,"[{'id': 1, 'name': 'Kalnai'}]"
420,[]
421,"[{'id': 1, 'name': 'Kalnai'}]"
422,"[{'id': 1, 'name': 'Kalnai'}]"
423,"[{'id': 9, 'name': 'Dvarai'}]"
424,[]
425,"[{'id': 1, 'name': 'Kalnai'}]"
426,"[{'id': 12, 'name': 'Parkai'}]"
427,"[{'id': 1, 'name': 'Kalnai'}]"
428,[]
429,[]
430,"[{'id': 12, 'name': 'Parkai'},{'id': 9, 'name': 'Dvarai'}]"
431,"[{'id': 10, 'name': 'Gamta'}]"
432,[]
433,[]
434,"[{'id': 8, 'name': 'Paminklai'}]"
435,[]
436,"[{'id': 1, 'name': 'Kalnai'},{'id': 10, 'name': 'Gamta'}]"
437,[]
438,"[{'id': 9, 'name': 'Dvarai'}]"
439,"[{'id': 2, 'name': 'Religingos vietos'}]"
440,"[{'id': 10, 'name': 'Gamta'}]"
441,"[{'id': 2, 'name': 'Religingos vietos'}]"
442,[]
443,[]
444,[]
445,"[{'id': 1, 'name': 'Kalnai'}]"
446,"[{'id': 1, 'name': 'Kalnai'},{'id': 10, 'name': 'Gamta'}]"
447,[]
448,[]
449,"[{'id': 2, 'name': 'Religingos vietos'},{'id': 5, 'name': 'Informacijos vietos'}]"
450,[]
451,"[{'id': 5, 'name': 'Informacijos vietos'}]"
452,"[{'id': 2, 'name': 'Religingos vietos'}]"
453,"[{'id': 7, 'name': 'Galerijos'}]"
454,"[{'id': 2, 'name': 'Religingos vietos'}]"
455,"[{'id': 1, 'name': 'Kalnai'}]"
456,"[{'id': 8, 'name': 'Paminklai'}]"
457,"[{'id': 8, 'name': 'Paminklai'}]"
458,"[{'id': 1, 'name': 'Kalnai'}]"
459,"[{'id': 1, 'name': 'Kalnai'}]"
460,"[{'id': 1, 'name': 'Kalnai'}]"
461,[]
462,"[{'id': 1, 'name': 'Kalnai'}]"
463,"[{'id': 2, 'name': 'Religingos vietos'}]"
464,"[{'id': 2, 'name': 'Religingos vietos'}]"
465,[]
466,"[{'id': 4, 'name': 'Muziejai'}]"
467,"[{'id': 4, 'name': 'Muziejai'}]"
468,[]
469,"[{'id': 1, 'name': 'Kalnai'}]"
470,"[{'id': 1, 'name': 'Kalnai'}]"
471,"[{'id': 1, 'name': 'Kalnai'}]"
472,"[{'id': 1, 'name': 'Kalnai'}]"
473,"[{'id': 2, 'name': 'Religingos vietos'}]"
474,"[{'id': 2, 'name': 'Religingos vietos'}]"
475,"[{'id': 4, 'name': 'Muziejai'}]"
476,[]
477,[]
478,[]
479,"[{'id': 4, 'name': 'Muziejai'}]"
480,"[{'id': 7, 'name': 'Galerijos'}]"
481,"[{'id': 7, 'name': 'Galerijos'}]"
482,"[{'id': 7, 'name': 'Galerijos'}]"
483,[]
484,[]
485,[]
486,[]
487,[]
488,[]
489,"[{'id': 2, 'name': 'Religingos vietos'}]"
490,"[{'id': 2, 'name': 'Religingos vietos'}]"
491,"[{'id': 2, 'name': 'Religingos vietos'}]"
492,[]
493,[]
494,[]
495,"[{'id': 4, 'name': 'Muziejai'}]"
496,"[{'id': 3, 'name': 'Sodybos'},{'id': 9, 'name': 'Dvarai'}]"
497,"[{'id': 2, 'name': 'Religingos vietos'},{'id': 9, 'name': 'Dvarai'}]"
498,"[{'id': 4, 'name': 'Muziejai'}]"
499,"[{'id': 4, 'name': 'Muziejai'}]"
500,[]
501,"[{'id': 1, 'name': 'Kalnai'}]"
502,"[{'id': 4, 'name': 'Muziejai'}]"
503,[]
504,"[{'id': 4, 'name': 'Muziejai'}]"
505,"[{'id': 2, 'name': 'Religingos vietos'}]"
506,"[{'id': 4, 'name': 'Muziejai'}]"
507,"[{'id': 1, 'name': 'Kalnai'}]"
508,"[{'id': 1, 'name': 'Kalnai'}]"
509,[]
510,[]
511,[]
512,"[{'id': 8, 'name': 'Paminklai'}]"
513,"[{'id': 8, 'name': 'Paminklai'}]"
514,[]
515,"[{'id': 8, 'name': 'Paminklai'}]"
516,[]
517,"[{'id': 2, 'name': 'Religingos vietos'}]"
518,"[{'id': 2, 'name': 'Religingos vietos'}]"
519,"[{'id': 2, 'name': 'Religingos vietos'}]"
520,[]
521,"[{'id': 6, 'name': 'Architektūriniai kūriniai'}]"
522,"[{'id': 12, 'name': 'Parkai'}]"
523,"[{'id': 4, 'name': 'Muziejai'}]"
524,"[{'id': 2, 'name': 'Religingos vietos'}]"
525,"[{'id': 3, 'name': 'Sodybos'}]"
526,"[{'id': 12, 'name': 'Parkai'}]"
527,"[{'id': 5, 'name': 'Informacijos vietos'}]"
528,"[{'id': 5, 'name': 'Informacijos vietos'}]"
529,[]
530,"[{'id': 1, 'name': 'Kalnai'}]"
531,"[{'id': 1, 'name': 'Kalnai'}]"
532,"[{'id': 4, 'name': 'Muziejai'}]"
533,"[{'id': 9, 'name': 'Dvarai'}]"
534,"[{'id': 9, 'name': 'Dvarai'}]"
535,"[{'id': 1, 'name': 'Kalnai'}]"
536,"[{'id': 3, 'name': 'Sodybos'}]"
537,"[{'id': 12, 'name': 'Parkai'}]"
538,[]
539,[]
540,[]
541,"[{'id': 2, 'name': 'Religingos vietos'}]"
542,"[{'id': 2, 'name': 'Religingos vietos'}]"
543,"[{'id': 2, 'name': 'Religingos vietos'}]"
544,"[{'id': 4, 'name': 'Muziejai'}]"
545,"[{'id': 2, 'name': 'Religingos vietos'}]"
546,"[{'id': 1, 'name': 'Kalnai'}]"
547,"[{'id': 4, 'name': 'Muziejai'}]"
548,"[{'id': 6, 'name': 'Architektūriniai kūriniai'}]"
549,"[{'id': 8, 'name': 'Paminklai'}]"
550,"[{'id': 8, 'name': 'Paminklai'}]"
551,"[{'id': 1, 'name': 'Kalnai'},{'id': 10, 'name': 'Gamta'}]"
552,"[{'id': 12, 'name': 'Parkai'}]"
553,"[{'id': 1, 'name': 'Kalnai'},{'id': 10, 'name': 'Gamta'}]"
554,"[{'id': 12, 'name': 'Parkai'}]"
555,"[{'id': 12, 'name': 'Parkai'}]"
556,"[{'id': 1, 'name': 'Kalnai'}]"
557,"[{'id': 2, 'name': 'Religingos vietos'}]"
558,"[{'id': 1, 'name': 'Kalnai'}]"
559,"[{'id': 1, 'name': 'Kalnai'}]"
560,"[{'id': 1, 'name': 'Kalnai'}]"
561,"[{'id': 1, 'name': 'Kalnai'}]"
562,"[{'id': 1, 'name': 'Kalnai'}]"
563,[]
564,"[{'id': 2, 'name': 'Religingos vietos'}]"
565,"[{'id': 1, 'name': 'Kalnai'}]"
566,[]
567,[]
568,[]
569,"[{'id': 2, 'name': 'Religingos vietos'}]"
570,"[{'id': 10, 'name': 'Gamta'}]"
571,"[{'id': 6, 'name': 'Architektūriniai kūriniai'}]"
572,[]
573,[]
574,[]
575,[]
576,"[{'id': 2, 'name': 'Religingos vietos'}]"
577,"[{'id': 1, 'name': 'Kalnai'},{'id': 10, 'name': 'Gamta'}]"
578,"[{'id': 1, 'name': 'Kalnai'}]"
579,"[{'id': 2, 'name': 'Religingos vietos'}]"
580,"[{'id': 2, 'name': 'Religingos vietos'}]"
581,"[{'id': 12, 'name': 'Parkai'}]"
582,"[{'id': 2, 'name': 'Religingos vietos'},{'id': 8, 'name': 'Paminklai'}]"
583,"[{'id': 1, 'name': 'Kalnai'}]"
584,[]
585,"[{'id': 6, 'name': 'Architektūriniai kūriniai'}]"
586,[]
587,[]
588,"[{'id': 4, 'name': 'Muziejai'},{'id': 12, 'name': 'Parkai'}]"
589,"[{'id': 4, 'name': 'Muziejai'},{'id': 9, 'name': 'Dvarai'},{'id': 6, 'name': 'Architektūriniai kūriniai'}]"
590,"[{'id': 2, 'name': 'Religingos vietos'}]"
591,"[{'id': 4, 'name': 'Muziejai'}]"
592,"[{'id': 1, 'name': 'Kalnai'}]"
593,"[{'id': 2, 'name': 'Religingos vietos'}]"
594,"[{'id': 4, 'name': 'Muziejai'},{'id': 7, 'name': 'Galerijos'}]"
595,[]
596,[]
597,[]
598,"[{'id': 2, 'name': 'Religingos vietos'}]"
599,"[{'id': 1, 'name': 'Kalnai'}]"
600,"[{'id': 1, 'name': 'Kalnai'}]"
601,[]
602,"[{'id': 1, 'name': 'Kalnai'}]"
603,"[{'id': 1, 'name': 'Kalnai'}]"
604,"[{'id': 1, 'name': 'Kalnai'}]"
605,"[{'id': 1, 'name': 'Kalnai'}]"
606,"[{'id': 6, 'name': 'Architektūriniai kūriniai'}]"
607,[]
608,"[{'id': 1, 'name': 'Kalnai'},{'id': 10, 'name': 'Gamta'}]"
609,"[{'id': 4, 'name': 'Muziejai'}]"
610,"[{'id': 4, 'name': 'Muziejai'}]"
611,"[{'id': 4, 'name': 'Muziejai'}]"
612,"[{'id': 2, 'name': 'Religingos vietos'}]"
613,"[{'id': 1, 'name': 'Kalnai'}]"
614,"[{'id': 1, 'name': 'Kalnai'}]"
615,"[{'id': 8, 'name': 'Paminklai'}]"
616,"[{'id': 8, 'name': 'Paminklai'}]"
617,"[{'id': 2, 'name': 'Religingos vietos'}]"
618,"[{'id': 2, 'name': 'Religingos vietos'}]"
619,"[{'id': 2, 'name': 'Religingos vietos'}]"
620,"[{'id': 2, 'name': 'Religingos vietos'}]"
621,"[{'id': 2, 'name': 'Religingos vietos'}]"
622,"[{'id': 2, 'name': 'Religingos vietos'}]"
623,"[{'id': 2, 'name': 'Religingos vietos'}]"
624,"[{'id': 4, 'name': 'Muziejai'}]"
625,"[{'id': 1, 'name': 'Kalnai'},{'id': 10, 'name': 'Gamta'}]"
626,"[{'id': 2, 'name': 'Religingos vietos'}]"
627,"[{'id': 2, 'name': 'Religingos vietos'}]"
628,"[{'id': 10, 'name': 'Gamta'}]"
629,"[{'id': 1, 'name': 'Kalnai'}]"
630,"[{'id': 4, 'name': 'Muziejai'}]"
631,"[{'id': 4, 'name': 'Muziejai'}]"
632,"[{'id': 9, 'name': 'Dvarai'}]"
633,"[{'id': 1, 'name': 'Kalnai'}]"
634,[]
635,"[{'id': 1, 'name': 'Kalnai'}]"
636,"[{'id': 8, 'name': 'Paminklai'}]"
637,[]
638,"[{'id': 5, 'name': 'Informacijos vietos'}]"
639,[]
640,[]
641,[]
642,"[{'id': 1, 'name': 'Kalnai'}]"
643,[]
644,[]
645,[]
646,"[{'id': 3, 'name': 'Sodybos'},{'id': 9, 'name': 'Dvarai'}]"
647,"[{'id': 4, 'name': 'Muziejai'}]"
648,"[{'id': 2, 'name': 'Religingos vietos'}]"
649,"[{'id': 4, 'name': 'Muziejai'}]"
650,"[{'id': 4, 'name': 'Muziejai'},{'id': 6, 'name': 'Architektūriniai kūriniai'}]"
651,"[{'id': 3, 'name': 'Sodybos'}]"
652,"[{'id': 4, 'name': 'Muziejai'}]"
653,"[{'id': 4, 'name': 'Muziejai'}]"
654,"[{'id': 2, 'name': 'Religingos vietos'}]"
655,"[{'id': 4, 'name': 'Muziejai'}]"
656,"[{'id': 4, 'name': 'Muziejai'}]"
657,"[{'id': 4, 'name': 'Muziejai'}]"
658,"[{'id': 8, 'name': 'Paminklai'}]"
659,"[{'id': 9, 'name': 'Dvarai'}]"
660,[]
661,"[{'id': 12, 'name': 'Parkai'}]"
662,"[{'id': 12, 'name': 'Parkai'}]"
663,"[{'id': 4, 'name': 'Muziejai'}]"
664,[]
665,[]
666,[]
667,[]
668,"[{'id': 1, 'name': 'Kalnai'}]"
669,[]
670,"[{'id': 6, 'name': 'Architektūriniai kūriniai'}]"
671,"[{'id': 6, 'name': 'Architektūriniai kūriniai'}]"
672,"[{'id': 2, 'name': 'Religingos vietos'}]"
673,"[{'id': 6, 'name': 'Architektūriniai kūriniai'}]"
674,[]
675,[]
676,[]
677,[]
678,[]
679,[]
680,"[{'id': 2, 'name': 'Religingos vietos'}]"
681,"[{'id': 4, 'name': 'Muziejai'}]"
682,"[{'id': 2, 'name': 'Religingos vietos'}]"
683,"[{'id': 2, 'name': 'Religingos vietos'}]"
684,"[{'id': 4, 'name': 'Muziejai'}]"
685,"[{'id': 12, 'name': 'Parkai'}]"
686,"[{'id': 4, 'name': 'Muziejai'}]"
687,[]
688,[]
689,"[{'id': 2, 'name': 'Religingos vietos'}]"
690,"[{'id': 1, 'name': 'Kalnai'}]"
691,[]
692,[]
693,[]
694,"[{'id': 6, 'name': 'Architektūriniai kūriniai'}]"
695,"[{'id': 2, 'name': 'Religingos vietos'}]"
696,[]
697,[]
698,"[{'id': 5, 'name': 'Informacijos vietos'}]"
699,[]
700,"[{'id': 2, 'name': 'Religingos vietos'}]"
701,"[{'id': 2, 'name': 'Religingos vietos'}]"
702,"[{'id': 2, 'name': 'Religingos vietos'}]"
703,"[{'id': 2, 'name': 'Religingos vietos'}]"
704,"[{'id': 2, 'name': 'Religingos vietos'}]"
705,"[{'id': 2, 'name': 'Religingos vietos'}]"
706,"[{'id': 2, 'name': 'Religingos vietos'}]"
707,"[{'id': 2, 'name': 'Religingos vietos'}]"
708,"[{'id': 2, 'name': 'Religingos vietos'}]"
709,"[{'id': 2, 'name': 'Religingos vietos'}]"
710,"[{'id': 2, 'name': 'Religingos vietos'}]"
711,[]
712,"[{'id': 5, 'name': 'Informacijos vietos'}]"
713,"[{'id': 4, 'name': 'Muziejai'}]"
714,"[{'id': 7, 'name': 'Galerijos'}]"
715,"[{'id': 7, 'name': 'Galerijos'}]"
716,[]
717,"[{'id': 4, 'name': 'Muziejai'}]"
718,"[{'id': 4, 'name': 'Muziejai'}]"
719,[]
720,[]
721,[]
722,"[{'id': 1, 'name': 'Kalnai'}]"
723,[]
724,"[{'id': 10, 'name': 'Gamta'}]"
725,[]
726,"[{'id': 12, 'name': 'Parkai'}]"
727,"[{'id': 2, 'name': 'Religingos vietos'}]"
728,"[{'id': 1, 'name': 'Kalnai'}]"
729,"[{'id': 1, 'name': 'Kalnai'}]"
730,"[{'id': 2, 'name': 'Religingos vietos'}]"
731,[]
732,"[{'id': 2, 'name': 'Religingos vietos'}]"
733,"[{'id': 1, 'name': 'Kalnai'}]"
734,"[{'id': 1, 'name': 'Kalnai'}]"
735,"[{'id': 1, 'name': 'Kalnai'}]"
736,"[{'id': 1, 'name': 'Kalnai'}]"
737,"[{'id': 3, 'name': 'Sodybos'},{'id': 9, 'name': 'Dvarai'}]"
738,"[{'id': 2, 'name': 'Religingos vietos'}]"
739,"[{'id': 1, 'name': 'Kalnai'}]"
740,"[{'id': 4, 'name': 'Muziejai'}]"
741,"[{'id': 12, 'name': 'Parkai'}]"
742,"[{'id': 1, 'name': 'Kalnai'}]"
743,"[{'id': 1, 'name': 'Kalnai'}]"
744,[]
745,[]
746,"[{'id': 12, 'name': 'Parkai'}]"
747,[]
748,[]
749,[]
750,[]
751,"[{'id': 6, 'name': 'Architektūriniai kūriniai'}]"
752,[]
753,[]
754,[]
755,[]
756,[]
757,[]
758,"[{'id': 2, 'name': 'Religingos vietos'}]"
759,"[{'id': 6, 'name': 'Architektūriniai kūriniai'}]"
760,"[{'id': 8, 'name': 'Paminklai'}]"
761,"[{'id': 5, 'name': 'Informacijos vietos'}]"
762,[]
763,"[{'id': 9, 'name': 'Dvarai'}]"
764,[]
765,"[{'id': 8, 'name': 'Paminklai'}]"
766,[]
767,[]
768,"[{'id': 2, 'name': 'Religingos vietos'}]"
769,"[{'id': 2, 'name': 'Religingos vietos'}]"
770,"[{'id': 1, 'name': 'Kalnai'}]"
771,"[{'id': 1, 'name': 'Kalnai'}]"
772,"[{'id': 1, 'name': 'Kalnai'}]"
773,"[{'id': 2, 'name': 'Religingos vietos'}]"
774,"[{'id': 1, 'name': 'Kalnai'}]"
775,[]
776,[]
777,"[{'id': 5, 'name': 'Informacijos vietos'}]"
778,"[{'id': 4, 'name': 'Muziejai'}]"
779,"[{'id': 2, 'name': 'Religingos vietos'}]"
780,[]
781,"[{'id': 4, 'name': 'Muziejai'}]"
782,[]
783,"[{'id': 2, 'name': 'Religingos vietos'}]"
784,[]
785,"[{'id': 2, 'name': 'Religingos vietos'}]"
786,"[{'id': 9, 'name': 'Dvarai'}]"
787,"[{'id': 10, 'name': 'Gamta'}]"
788,"[{'id': 2, 'name': 'Religingos vietos'}]"
789,[]
790,"[{'id': 9, 'name': 'Dvarai'}]"
791,"[{'id': 10, 'name': 'Gamta'}]"
792,[]
793,[]
794,[]
795,"[{'id': 10, 'name': 'Gamta'}]"
796,[]
797,"[{'id': 10, 'name': 'Gamta'}]"
798,"[{'id': 10, 'name': 'Gamta'}]"
799,[]
800,[]
801,"[{'id': 3, 'name': 'Sodybos'}]"
802,"[{'id': 4, 'name': 'Muziejai'}]"
803,[]
804,"[{'id': 2, 'name': 'Religingos vietos'}]"
805,"[{'id': 2, 'name': 'Religingos vietos'}]"
806,[]
807,[]
808,"[{'id': 4, 'name': 'Muziejai'},{'id': 7, 'name': 'Galerijos'}]"
809,"[{'id': 2, 'name': 'Religingos vietos'}]"
810,"[{'id': 3, 'name': 'Sodybos'},{'id': 9, 'name': 'Dvarai'}]"
811,"[{'id': 1, 'name': 'Kalnai'}]"
812,"[{'id': 4, 'name': 'Muziejai'}]"
813,[]
814,"[{'id': 7, 'name': 'Galerijos'}]"
815,[]
816,[]
817,[]
818,[]
819,"[{'id': 2, 'name': 'Religingos vietos'}]"
820,[]
821,"[{'id': 2, 'name': 'Religingos vietos'}]"
822,[]
823,"[{'id': 5, 'name': 'Informacijos vietos'}]"
824,"[{'id': 9, 'name': 'Dvarai'}]"
825,[]
826,"[{'id': 4, 'name': 'Muziejai'}]"
827,[]
828,"[{'id': 4, 'name': 'Muziejai'}]"
829,"[{'id': 2, 'name': 'Religingos vietos'}]"
830,"[{'id': 2, 'name': 'Religingos vietos'}]"
831,"[{'id': 2, 'name': 'Religingos vietos'}]"
832,"[{'id': 4, 'name': 'Muziejai'}]"
833,"[{'id': 3, 'name': 'Sodybos'}]"
834,"[{'id': 1, 'name': 'Kalnai'}]"
835,"[{'id': 4, 'name': 'Muziejai'}]"
836,"[{'id': 1, 'name': 'Kalnai'}]"
837,"[{'id': 4, 'name': 'Muziejai'}]"
838,"[{'id': 12, 'name': 'Parkai'}]"
839,[]
840,[]
841,[]
842,[]
843,"[{'id': 2, 'name': 'Religingos vietos'}]"
844,"[{'id': 2, 'name': 'Religingos vietos'}]"
845,"[{'id': 2, 'name': 'Religingos vietos'}]"
846,"[{'id': 4, 'name': 'Muziejai'}]"
847,[]
848,[]
849,"[{'id': 4, 'name': 'Muziejai'}]"
850,"[{'id': 6, 'name': 'Architektūriniai kūriniai'}]"
851,"[{'id': 6, 'name': 'Architektūriniai kūriniai'}]"
852,"[{'id': 6, 'name': 'Architektūriniai kūriniai'}]"
853,[]
854,[]
855,"[{'id': 6, 'name': 'Architektūriniai kūriniai'}]"
856,[]
857,"[{'id': 6, 'name': 'Architektūriniai kūriniai'}]"
858,[]
859,"[{'id': 4, 'name': 'Muziejai'}]"
860,"[{'id': 4, 'name': 'Muziejai'}]"
861,"[{'id': 2, 'name': 'Religingos vietos'}]"
862,"[{'id': 1, 'name': 'Kalnai'}]"
863,"[{'id': 1, 'name': 'Kalnai'}]"
864,"[{'id': 2, 'name': 'Religingos vietos'}]"
865,"[{'id': 4, 'name': 'Muziejai'}]"
866,"[{'id': 4, 'name': 'Muziejai'}]"
867,[]
868,"[{'id': 1, 'name': 'Kalnai'}]"
869,"[{'id': 2, 'name': 'Religingos vietos'}]"
870,[]
871,"[{'id': 9, 'name': 'Dvarai'}]"
872,"[{'id': 9, 'name': 'Dvarai'}]"
873,"[{'id': 9, 'name': 'Dvarai'}]"
874,"[{'id': 9, 'name': 'Dvarai'}]"
875,[]
876,[]
877,"[{'id': 5, 'name': 'Informacijos vietos'}]"
878,"[{'id': 5, 'name': 'Informacijos vietos'}]"
879,"[{'id': 1, 'name': 'Kalnai'}]"
880,[]
881,[]
882,"[{'id': 1, 'name': 'Kalnai'}]"
883,"[{'id': 2, 'name': 'Religingos vietos'}]"
884,"[{'id': 1, 'name': 'Kalnai'}]"
885,[]
886,"[{'id': 2, 'name': 'Religingos vietos'}]"
887,[]
888,"[{'id': 2, 'name': 'Religingos vietos'}]"
889,"[{'id': 2, 'name': 'Religingos vietos'}]"
890,"[{'id': 1, 'name': 'Kalnai'}]"
891,[]
892,"[{'id': 2, 'name': 'Religingos vietos'}]"
893,"[{'id': 2, 'name': 'Religingos vietos'}]"
894,"[{'id': 2, 'name': 'Religingos vietos'}]"
895,"[{'id': 9, 'name': 'Dvarai'}]"
896,"[{'id': 1, 'name': 'Kalnai'}]"
897,"[{'id': 1, 'name': 'Kalnai'}]"
898,[]
899,"[{'id': 9, 'name': 'Dvarai'}]"
900,[]
901,"[{'id': 1, 'name': 'Kalnai'}]"
902,"[{'id': 5, 'name': 'Informacijos vietos'}]"
903,"[{'id': 4, 'name': 'Muziejai'}]"
904,"[{'id': 4, 'name': 'Muziejai'},{'id': 3, 'name': 'Sodybos'},{'id': 9, 'name': 'Dvarai'}]"
905,"[{'id': 4, 'name': 'Muziejai'}]"
906,"[{'id': 2, 'name': 'Religingos vietos'}]"
907,"[{'id': 2, 'name': 'Religingos vietos'}]"
908,"[{'id': 1, 'name': 'Kalnai'}]"
909,"[{'id': 2, 'name': 'Religingos vietos'}]"
910,[]
911,"[{'id': 8, 'name': 'Paminklai'}]"
912,"[{'id': 8, 'name': 'Paminklai'}]"
913,"[{'id': 8, 'name': 'Paminklai'}]"
914,"[{'id': 8, 'name': 'Paminklai'}]"
915,[]
916,[]
917,"[{'id': 12, 'name': 'Parkai'}]"
918,"[{'id': 7, 'name': 'Galerijos'}]"
919,"[{'id': 2, 'name': 'Religingos vietos'}]"
920,"[{'id': 4, 'name': 'Muziejai'}]"
921,[]
922,"[{'id': 4, 'name': 'Muziejai'},{'id': 6, 'name': 'Architektūriniai kūriniai'}]"
923,"[{'id': 12, 'name': 'Parkai'}]"
924,"[{'id': 2, 'name': 'Religingos vietos'}]"
925,[]
926,"[{'id': 2, 'name': 'Religingos vietos'}]"
927,"[{'id': 2, 'name': 'Religingos vietos'}]"
928,"[{'id': 2, 'name': 'Religingos vietos'}]"
929,"[{'id': 2, 'name': 'Religingos vietos'}]"
930,"[{'id': 2, 'name': 'Religingos vietos'}]"
931,"[{'id': 1, 'name': 'Kalnai'},{'id': 10, 'name': 'Gamta'}]"
932,"[{'id': 4, 'name': 'Muziejai'}]"
933,"[{'id': 2, 'name': 'Religingos vietos'}]"
934,"[{'id': 9, 'name': 'Dvarai'}]"
935,"[{'id': 12, 'name': 'Parkai'},{'id': 9, 'name': 'Dvarai'}]"
936,"[{'id': 3, 'name': 'Sodybos'},{'id': 9, 'name': 'Dvarai'}]"
937,"[{'id': 12, 'name': 'Parkai'},{'id': 9, 'name': 'Dvarai'}]"
938,"[{'id': 12, 'name': 'Parkai'},{'id': 9, 'name': 'Dvarai'}]"
939,"[{'id': 12, 'name': 'Parkai'},{'id': 9, 'name': 'Dvarai'}]"
940,"[{'id': 12, 'name': 'Parkai'},{'id': 9, 'name': 'Dvarai'}]"
941,"[{'id': 4, 'name': 'Muziejai'}]"
942,"[{'id': 4, 'name': 'Muziejai'}]"
943,"[{'id': 8, 'name': 'Paminklai'}]"
944,"[{'id': 6, 'name': 'Architektūriniai kūriniai'}]"
945,"[{'id': 1, 'name': 'Kalnai'}]"
946,"[{'id': 1, 'name': 'Kalnai'}]"
947,"[{'id': 2, 'name': 'Religingos vietos'}]"
948,"[{'id': 2, 'name': 'Religingos vietos'}]"
949,"[{'id': 2, 'name': 'Religingos vietos'}]"
950,"[{'id': 2, 'name': 'Religingos vietos'}]"
951,"[{'id': 2, 'name': 'Religingos vietos'}]"
952,"[{'id': 2, 'name': 'Religingos vietos'}]"
953,"[{'id': 2, 'name': 'Religingos vietos'}]"
954,"[{'id': 2, 'name': 'Religingos vietos'}]"
955,"[{'id': 2, 'name': 'Religingos vietos'}]"
956,"[{'id': 2, 'name': 'Religingos vietos'}]"
957,"[{'id': 4, 'name': 'Muziejai'}]"
958,"[{'id': 8, 'name': 'Paminklai'}]"
959,"[{'id': 8, 'name': 'Paminklai'}]"
960,"[{'id': 8, 'name': 'Paminklai'}]"
961,"[{'id': 1, 'name': 'Kalnai'},{'id': 10, 'name': 'Gamta'}]"
962,"[{'id': 1, 'name': 'Kalnai'}]"
963,"[{'id': 1, 'name': 'Kalnai'}]"
964,"[{'id': 12, 'name': 'Parkai'},{'id': 9, 'name': 'Dvarai'}]"
965,[]
966,"[{'id': 4, 'name': 'Muziejai'},{'id': 3, 'name': 'Sodybos'},{'id': 9, 'name': 'Dvarai'}]"
967,"[{'id': 8, 'name': 'Paminklai'}]"
968,"[{'id': 8, 'name': 'Paminklai'}]"
969,"[{'id': 8, 'name': 'Paminklai'}]"
970,"[{'id': 2, 'name': 'Religingos vietos'}]"
971,"[{'id': 2, 'name': 'Religingos vietos'}]"
972,"[{'id': 2, 'name': 'Religingos vietos'}]"
973,"[{'id': 4, 'name': 'Muziejai'}]"
974,[]
975,"[{'id': 2, 'name': 'Religingos vietos'}]"
976,"[{'id': 1, 'name': 'Kalnai'}]"
977,"[{'id': 6, 'name': 'Architektūriniai kūriniai'}]"
978,"[{'id': 4, 'name': 'Muziejai'}]"
979,"[{'id': 8, 'name': 'Paminklai'}]"
980,"[{'id': 4, 'name': 'Muziejai'}]"
981,"[{'id': 4, 'name': 'Muziejai'}]"
982,"[{'id': 4, 'name': 'Muziejai'}]"
983,"[{'id': 4, 'name': 'Muziejai'}]"
984,"[{'id': 4, 'name': 'Muziejai'}]"
985,"[{'id': 4, 'name': 'Muziejai'}]"
986,"[{'id': 4, 'name': 'Muziejai'}]"
987,"[{'id': 12, 'name': 'Parkai'},{'id': 9, 'name': 'Dvarai'}]"
988,"[{'id': 2, 'name': 'Religingos vietos'}]"
989,"[{'id': 1, 'name': 'Kalnai'}]"
990,"[{'id': 2, 'name': 'Religingos vietos'}]"
991,"[{'id': 2, 'name': 'Religingos vietos'}]"
992,"[{'id': 2, 'name': 'Religingos vietos'}]"
993,"[{'id': 8, 'name': 'Paminklai'}]"
994,"[{'id': 2, 'name': 'Religingos vietos'}]"
995,"[{'id': 8, 'name': 'Paminklai'}]"
996,"[{'id': 9, 'name': 'Dvarai'}]"
997,"[{'id': 2, 'name': 'Religingos vietos'}]"
998,"[{'id': 1, 'name': 'Kalnai'}]"
999,[]
1000,[]
1001,[]
1002,"[{'id': 12, 'name': 'Parkai'}]"
1003,"[{'id': 1, 'name': 'Kalnai'},{'id': 9, 'name': 'Dvarai'}]"
1004,"[{'id': 1, 'name': 'Kalnai'},{'id': 3, 'name': 'Sodybos'}]"
1005,"[{'id': 1, 'name': 'Kalnai'}]"
1006,[]
1007,"[{'id': 12, 'name': 'Parkai'}]"
1008,"[{'id': 12, 'name': 'Parkai'}]"
1009,"[{'id': 2, 'name': 'Religingos vietos'}]"
1010,"[{'id': 2, 'name': 'Religingos vietos'}]"
1011,"[{'id': 2, 'name': 'Religingos vietos'}]"
1012,"[{'id': 2, 'name': 'Religingos vietos'}]"
1013,"[{'id': 4, 'name': 'Muziejai'}]"
1014,[]
1015,"[{'id': 8, 'name': 'Paminklai'}]"
1016,"[{'id': 2, 'name': 'Religingos vietos'}]"
1017,"[{'id': 1, 'name': 'Kalnai'}]"
1018,[]
1019,[]
1020,"[{'id': 12, 'name': 'Parkai'}]"
1021,"[{'id': 12, 'name': 'Parkai'},{'id': 9, 'name': 'Dvarai'}]"
1022,"[{'id': 12, 'name': 'Parkai'},{'id': 9, 'name': 'Dvarai'}]"
1023,[]
1024,"[{'id': 9, 'name': 'Dvarai'}]"
1025,[]
1026,"[{'id': 1, 'name': 'Kalnai'}]"
1027,"[{'id': 8, 'name': 'Paminklai'}]"
1028,[]
1029,"[{'id': 5, 'name': 'Informacijos vietos'}]"
1030,[]
1031,"[{'id': 4, 'name': 'Muziejai'}]"
1032,"[{'id': 2, 'name': 'Religingos vietos'}]"
1033,"[{'id': 8, 'name': 'Paminklai'}]"
1034,[]
1035,"[{'id': 2, 'name': 'Religingos vietos'}]"
1036,"[{'id': 9, 'name': 'Dvarai'}]"
1037,"[{'id': 1, 'name': 'Kalnai'}]"
1038,"[{'id': 2, 'name': 'Religingos vietos'}]"
1039,[]
1040,[]
1041,"[{'id': 8, 'name': 'Paminklai'}]"
1042,[]
1043,"[{'id': 10, 'name': 'Gamta'}]"
1044,"[{'id': 1, 'name': 'Kalnai'}]"
1045,[]
1046,[]
1047,"[{'id': 6, 'name': 'Architektūriniai kūriniai'}]"
1048,"[{'id': 6, 'name': 'Architektūriniai kūriniai'}]"
1049,"[{'id': 6, 'name': 'Architektūriniai kūriniai'}]"
1050,"[{'id': 2, 'name': 'Religingos vietos'}]"
1051,"[{'id': 1, 'name': 'Kalnai'}]"
1052,"[{'id': 3, 'name': 'Sodybos'},{'id': 9, 'name': 'Dvarai'}]"
1053,"[{'id': 1, 'name': 'Kalnai'}]"
1054,"[{'id': 10, 'name': 'Gamta'}]"
1055,"[{'id': 10, 'name': 'Gamta'}]"
1056,[]
1057,"[{'id': 10, 'name': 'Gamta'}]"
1058,[]
1059,"[{'id': 1, 'name': 'Kalnai'}]"
1060,"[{'id': 1, 'name': 'Kalnai'}]"
1061,"[{'id': 1, 'name': 'Kalnai'}]"
1062,"[{'id': 2, 'name': 'Religingos vietos'}]"
1063,"[{'id': 8, 'name': 'Paminklai'}]"
1064,"[{'id': 4, 'name': 'Muziejai'}]"
1065,"[{'id': 3, 'name': 'Sodybos'}]"
1066,"[{'id': 4, 'name': 'Muziejai'}]"
1067,"[{'id': 3, 'name': 'Sodybos'}]"
1068,"[{'id': 4, 'name': 'Muziejai'}]"
1069,"[{'id': 1, 'name': 'Kalnai'}]"
1070,[]
1071,"[{'id': 1, 'name': 'Kalnai'}]"
1072,"[{'id': 1, 'name': 'Kalnai'}]"
1073,"[{'id': 1, 'name': 'Kalnai'}]"
1074,"[{'id': 1, 'name': 'Kalnai'}]"
1075,"[{'id': 1, 'name': 'Kalnai'}]"
1076,"[{'id': 1, 'name': 'Kalnai'}]"
1077,"[{'id': 1, 'name': 'Kalnai'}]"
1078,[]
1079,"[{'id': 1, 'name': 'Kalnai'}]"
1080,"[{'id': 2, 'name': 'Religingos vietos'}]"
1081,"[{'id': 5, 'name': 'Informacijos vietos'}]"
1082,[]
1083,"[{'id': 8, 'name': 'Paminklai'}]"
1084,"[{'id': 2, 'name': 'Religingos vietos'}]"
1085,"[{'id': 1, 'name': 'Kalnai'}]"
1086,"[{'id': 1, 'name': 'Kalnai'}]"
1087,"[{'id': 6, 'name': 'Architektūriniai kūriniai'}]"
1088,"[{'id': 1, 'name': 'Kalnai'}]"
1089,[]
1090,[]
1091,"[{'id': 1, 'name': 'Kalnai'}]"
1092,[]
1093,[]
1094,"[{'id': 1, 'name': 'Kalnai'}]"
1095,"[{'id': 4, 'name': 'Muziejai'}]"
1096,[]
1097,"[{'id': 8, 'name': 'Paminklai'}]"
1098,[]
1099,"[{'id': 2, 'name': 'Religingos vietos'}]"
1100,"[{'id': 3, 'name': 'Sodybos'},{'id': 9, 'name': 'Dvarai'}]"
1101,"[{'id': 2, 'name': 'Religingos vietos'}]"
1102,"[{'id': 2, 'name': 'Religingos vietos'}]"
1103,"[{'id': 4, 'name': 'Muziejai'}]"
1104,[]
1105,"[{'id': 4, 'name': 'Muziejai'}]"
1106,[]
1107,"[{'id': 6, 'name': 'Architektūriniai kūriniai'}]"
1108,"[{'id': 8, 'name': 'Paminklai'}]"
1109,"[{'id': 8, 'name': 'Paminklai'}]"
1110,[]
1111,"[{'id': 2, 'name': 'Religingos vietos'}]"
1112,"[{'id': 2, 'name': 'Religingos vietos'}]"
1113,[]
1114,[]
1115,[]
1116,"[{'id': 9, 'name': 'Dvarai'}]"
1117,[]
1118,[]
1119,"[{'id': 2, 'name': 'Religingos vietos'}]"
1120,"[{'id': 2, 'name': 'Religingos vietos'}]"
1121,"[{'id': 6, 'name': 'Architektūriniai kūriniai'}]"
1122,"[{'id': 12, 'name': 'Parkai'}]"
1123,[]
1124,[]
1125,[]
1126,[]
1127,"[{'id': 8, 'name': 'Paminklai'}]"
1128,[]
1129,[]
1130,"[{'id': 8, 'name': 'Paminklai'}]"
1131,[]
1132,"[{'id': 10, 'name': 'Gamta'}]"
1133,"[{'id': 10, 'name': 'Gamta'}]"
1134,"[{'id': 9, 'name': 'Dvarai'}]"
1135,"[{'id': 3, 'name': 'Sodybos'},{'id': 9, 'name': 'Dvarai'}]"
1136,"[{'id': 2, 'name': 'Religingos vietos'}]"
1137,"[{'id': 2, 'name': 'Religingos vietos'}]"
1138,"[{'id': 2, 'name': 'Religingos vietos'}]"
1139,"[{'id': 2, 'name': 'Religingos vietos'}]"
1140,"[{'id': 2, 'name': 'Religingos vietos'}]"
1141,"[{'id': 9, 'name': 'Dvarai'}]"
1142,"[{'id': 2, 'name': 'Religingos vietos'}]"
1143,"[{'id': 6, 'name': 'Architektūriniai kūriniai'}]"
1144,"[{'id': 2, 'name': 'Religingos vietos'}]"
1145,"[{'id': 2, 'name': 'Religingos vietos'}]"
1146,"[{'id': 2, 'name': 'Religingos vietos'}]"
1147,"[{'id': 2, 'name': 'Religingos vietos'}]"
1148,"[{'id': 3, 'name': 'Sodybos'}]"
1149,[]
1150,"[{'id': 12, 'name': 'Parkai'}]"
1151,[]
1152,[]
1153,[]
1154,[]
1155,"[{'id': 2, 'name': 'Religingos vietos'}]"
1156,[]
1157,[]
1158,"[{'id': 10, 'name': 'Gamta'}]"
1159,"[{'id': 10, 'name': 'Gamta'}]"
1160,"[{'id': 1, 'name': 'Kalnai'}]"
1161,"[{'id': 1, 'name': 'Kalnai'}]"
1162,"[{'id': 12, 'name': 'Parkai'}]"
1163,"[{'id': 8, 'name': 'Paminklai'}]"
1164,"[{'id': 10, 'name': 'Gamta'}]"
1165,"[{'id': 3, 'name': 'Sodybos'}]"
1166,"[{'id': 10, 'name': 'Gamta'}]"
1167,"[{'id': 2, 'name': 'Religingos vietos'}]"
1168,"[{'id': 9, 'name': 'Dvarai'}]"
1169,"[{'id': 10, 'name': 'Gamta'}]"
1170,"[{'id': 1, 'name': 'Kalnai'}]"
1171,"[{'id': 8, 'name': 'Paminklai'}]"
1172,"[{'id': 8, 'name': 'Paminklai'}]"
1173,"[{'id': 10, 'name': 'Gamta'}]"
1174,[]
1175,"[{'id': 8, 'name': 'Paminklai'}]"
1176,"[{'id': 5, 'name': 'Informacijos vietos'}]"
1177,"[{'id': 2, 'name': 'Religingos vietos'}]"
1178,"[{'id': 4, 'name': 'Muziejai'}]"
1179,"[{'id': 9, 'name': 'Dvarai'}]"
1180,"[{'id': 1, 'name': 'Kalnai'}]"
1181,"[{'id': 1, 'name': 'Kalnai'}]"
1182,"[{'id': 1, 'name': 'Kalnai'}]"
1183,"[{'id': 1, 'name': 'Kalnai'}]"
1184,"[{'id': 1, 'name': 'Kalnai'}]"
1185,"[{'id': 1, 'name': 'Kalnai'}]"
1186,"[{'id': 2, 'name': 'Religingos vietos'}]"
1187,"[{'id': 2, 'name': 'Religingos vietos'}]"
1188,[]
1189,"[{'id': 2, 'name': 'Religingos vietos'}]"
1190,"[{'id': 4, 'name': 'Muziejai'}]"
1191,"[{'id': 2, 'name': 'Religingos vietos'}]"
1192,"[{'id': 4, 'name': 'Muziejai'},{'id': 3, 'name': 'Sodybos'}]"
1193,[]
1194,"[{'id': 8, 'name': 'Paminklai'}]"
1195,[]
1196,[]
1197,[]
1198,[]
1199,[]
1200,[]
1201,[]
1202,[]
1203,[]
1204,[]
1205,[]
1206,[]
1207,"[{'id': 2, 'name': 'Religingos vietos'}]"
1208,[]
1209,"[{'id': 2, 'name': 'Religingos vietos'}]"
1210,"[{'id': 4, 'name': 'Muziejai'}]"
1211,"[{'id': 4, 'name': 'Muziejai'}]"
1212,"[{'id': 4, 'name': 'Muziejai'}]"
1213,"[{'id': 5, 'name': 'Informacijos vietos'}]"
1214,"[{'id': 4, 'name': 'Muziejai'}]"
1215,[]
1216,"[{'id': 4, 'name': 'Muziejai'}]"
1217,"[{'id': 2, 'name': 'Religingos vietos'}]"
1218,"[{'id': 2, 'name': 'Religingos vietos'}]"
1219,"[{'id': 4, 'name': 'Muziejai'}]"
1220,"[{'id': 5, 'name': 'Informacijos vietos'}]"
1221,"[{'id': 1, 'name': 'Kalnai'},{'id': 6, 'name': 'Architektūriniai kūriniai'}]"
1222,"[{'id': 12, 'name': 'Parkai'},{'id': 9, 'name': 'Dvarai'}]"
1223,"[{'id': 2, 'name': 'Religingos vietos'}]"
1224,"[{'id': 12, 'name': 'Parkai'},{'id': 6, 'name': 'Architektūriniai kūriniai'}]"
1225,"[{'id': 12, 'name': 'Parkai'},{'id': 6, 'name': 'Architektūriniai kūriniai'}]"
1226,"[{'id': 4, 'name': 'Muziejai'}]"
1227,"[{'id': 2, 'name': 'Religingos vietos'}]"
1228,"[{'id': 2, 'name': 'Religingos vietos'}]"
1229,[]
1230,"[{'id': 8, 'name': 'Paminklai'}]"
1231,"[{'id': 3, 'name': 'Sodybos'},{'id': 9, 'name': 'Dvarai'}]"
1232,"[{'id': 3, 'name': 'Sodybos'},{'id': 9, 'name': 'Dvarai'}]"
1233,"[{'id': 12, 'name': 'Parkai'},{'id': 9, 'name': 'Dvarai'}]"
1234,[]
1235,"[{'id': 2, 'name': 'Religingos vietos'}]"
1236,"[{'id': 1, 'name': 'Kalnai'}]"
1237,"[{'id': 1, 'name': 'Kalnai'}]"
1238,"[{'id': 1, 'name': 'Kalnai'}]"
1239,"[{'id': 1, 'name': 'Kalnai'}]"
1240,"[{'id': 1, 'name': 'Kalnai'}]"
1241,"[{'id': 1, 'name': 'Kalnai'}]"
1242,"[{'id': 1, 'name': 'Kalnai'}]"
1243,"[{'id': 8, 'name': 'Paminklai'}]"
1244,"[{'id': 8, 'name': 'Paminklai'}]"
1245,"[{'id': 9, 'name': 'Dvarai'}]"
1246,[]
1247,"[{'id': 9, 'name': 'Dvarai'}]"
1248,"[{'id': 8, 'name': 'Paminklai'}]"
1249,"[{'id': 10, 'name': 'Gamta'}]"
1250,"[{'id': 10, 'name': 'Gamta'}]"
1251,"[{'id': 10, 'name': 'Gamta'}]"
1252,"[{'id': 2, 'name': 'Religingos vietos'}]"
1253,[]
1254,"[{'id': 2, 'name': 'Religingos vietos'}]"
1255,"[{'id': 1, 'name': 'Kalnai'}]"
1256,"[{'id': 3, 'name': 'Sodybos'},{'id': 9, 'name': 'Dvarai'}]"
1257,"[{'id': 2, 'name': 'Religingos vietos'}]"
1258,"[{'id': 2, 'name': 'Religingos vietos'}]"
1259,"[{'id': 2, 'name': 'Religingos vietos'}]"
1260,"[{'id': 2, 'name': 'Religingos vietos'}]"
1261,"[{'id': 2, 'name': 'Religingos vietos'}]"
1262,"[{'id': 2, 'name': 'Religingos vietos'}]"
1263,[]
1264,[]
1265,[]
1266,[]
1267,[]
1268,[]
1269,"[{'id': 1, 'name': 'Kalnai'}]"
1270,[]
1271,"[{'id': 2, 'name': 'Religingos vietos'}]"
1272,"[{'id': 12, 'name': 'Parkai'}]"
1273,"[{'id': 10, 'name': 'Gamta'}]"
1274,"[{'id': 10, 'name': 'Gamta'}]"
1275,"[{'id': 10, 'name': 'Gamta'}]"
1276,[]
1277,[]
1278,"[{'id': 3, 'name': 'Sodybos'}]"
1279,[]
1280,[]
1281,"[{'id': 12, 'name': 'Parkai'},{'id': 9, 'name': 'Dvarai'}]"
1282,"[{'id': 4, 'name': 'Muziejai'}]"
1283,[]
1284,[]
1285,[]
1286,[]
1287,[]
1288,"[{'id': 1, 'name': 'Kalnai'}]"
1289,"[{'id': 1, 'name': 'Kalnai'}]"
1290,[]
1291,"[{'id': 2, 'name': 'Religingos vietos'}]"
1292,"[{'id': 9, 'name': 'Dvarai'}]"
1293,[]
1294,"[{'id': 1, 'name': 'Kalnai'}]"
1295,"[{'id': 2, 'name': 'Religingos vietos'}]"
1296,"[{'id': 2, 'name': 'Religingos vietos'}]"
1297,[]
1298,"[{'id': 4, 'name': 'Muziejai'},{'id': 3, 'name': 'Sodybos'}]"
1299,"[{'id': 2, 'name': 'Religingos vietos'}]"
1300,"[{'id': 4, 'name': 'Muziejai'},{'id': 7, 'name': 'Galerijos'}]"
1301,"[{'id': 10, 'name': 'Gamta'}]"
1302,"[{'id': 2, 'name': 'Religingos vietos'}]"
1303,"[{'id': 8, 'name': 'Paminklai'}]"
1304,"[{'id': 1, 'name': 'Kalnai'}]"
1305,"[{'id': 1, 'name': 'Kalnai'}]"
1306,"[{'id': 1, 'name': 'Kalnai'}]"
1307,[]
1308,[]
1309,"[{'id': 4, 'name': 'Muziejai'}]"
1310,[]
1311,"[{'id': 4, 'name': 'Muziejai'}]"
1312,"[{'id': 4, 'name': 'Muziejai'}]"
1313,"[{'id': 4, 'name': 'Muziejai'}]"
1314,[]
1315,[]
1316,[]
1317,"[{'id': 2, 'name': 'Religingos vietos'}]"
1318,"[{'id': 4, 'name': 'Muziejai'}]"
1319,"[{'id': 2, 'name': 'Religingos vietos'}]"
1320,"[{'id': 1, 'name': 'Kalnai'}]"
1321,"[{'id': 2, 'name': 'Religingos vietos'}]"
1322,[]
1323,"[{'id': 2, 'name': 'Religingos vietos'}]"
1324,"[{'id': 2, 'name': 'Religingos vietos'}]"
1325,"[{'id': 2, 'name': 'Religingos vietos'}]"
1326,"[{'id': 2, 'name': 'Religingos vietos'}]"
1327,[]
1328,"[{'id': 4, 'name': 'Muziejai'}]"
1329,"[{'id': 1, 'name': 'Kalnai'}]"
1330,[]
1331,"[{'id': 12, 'name': 'Parkai'}]"
1332,"[{'id': 1, 'name': 'Kalnai'}]"
1333,"[{'id': 1, 'name': 'Kalnai'}]"
1334,"[{'id': 2, 'name': 'Religingos vietos'}]"
1335,"[{'id': 2, 'name': 'Religingos vietos'}]"
1336,[]
1337,"[{'id': 9, 'name': 'Dvarai'}]"
1338,"[{'id': 12, 'name': 'Parkai'}]"
1339,"[{'id': 3, 'name': 'Sodybos'},{'id': 9, 'name': 'Dvarai'}]"
1340,"[{'id': 12, 'name': 'Parkai'},{'id': 9, 'name': 'Dvarai'}]"
1341,"[{'id': 6, 'name': 'Architektūriniai kūriniai'}]"
1342,[]
1343,"[{'id': 2, 'name': 'Religingos vietos'}]"
1344,[]
1345,[]
1346,"[{'id': 3, 'name': 'Sodybos'}]"
1347,"[{'id': 2, 'name': 'Religingos vietos'}]"
1348,"[{'id': 3, 'name': 'Sodybos'},{'id': 9, 'name': 'Dvarai'}]"
1349,"[{'id': 3, 'name': 'Sodybos'},{'id': 9, 'name': 'Dvarai'}]"
1350,"[{'id': 2, 'name': 'Religingos vietos'}]"
1351,"[{'id': 8, 'name': 'Paminklai'}]"
1352,"[{'id': 8, 'name': 'Paminklai'}]"
1353,"[{'id': 8, 'name': 'Paminklai'}]"
1354,[]
1355,"[{'id': 12, 'name': 'Parkai'}]"
1356,"[{'id': 4, 'name': 'Muziejai'}]"
1357,[]
1358,"[{'id': 8, 'name': 'Paminklai'}]"
1359,[]
1360,[]
1361,[]
1362,"[{'id': 10, 'name': 'Gamta'}]"
1363,[]
1364,[]
1365,"[{'id': 2, 'name': 'Religingos vietos'}]"
1366,"[{'id': 6, 'name': 'Architektūriniai kūriniai'}]"
1367,"[{'id': 8, 'name': 'Paminklai'}]"
1368,"[{'id': 2, 'name': 'Religingos vietos'}]"
1369,"[{'id': 2, 'name': 'Religingos vietos'}]"
1370,"[{'id': 1, 'name': 'Kalnai'}]"
1371,"[{'id': 1, 'name': 'Kalnai'}]"
1372,"[{'id': 4, 'name': 'Muziejai'}]"
1373,[]
1374,"[{'id': 2, 'name': 'Religingos vietos'}]"
1375,"[{'id': 4, 'name': 'Muziejai'}]"
1376,"[{'id': 10, 'name': 'Gamta'}]"
1377,"[{'id': 2, 'name': 'Religingos vietos'}]"
1378,"[{'id': 3, 'name': 'Sodybos'},{'id': 9, 'name': 'Dvarai'}]"
1379,"[{'id': 1, 'name': 'Kalnai'}]"
1380,"[{'id': 2, 'name': 'Religingos vietos'}]"
1381,"[{'id': 2, 'name': 'Religingos vietos'}]"
1382,"[{'id': 8, 'name': 'Paminklai'}]"
1383,"[{'id': 2, 'name': 'Religingos vietos'}]"
1384,"[{'id': 8, 'name': 'Paminklai'}]"
1385,"[{'id': 2, 'name': 'Religingos vietos'}]"
1386,"[{'id': 6, 'name': 'Architektūriniai kūriniai'}]"
1387,"[{'id': 5, 'name': 'Informacijos vietos'}]"
1388,[]
1389,"[{'id': 1, 'name': 'Kalnai'},{'id': 10, 'name': 'Gamta'}]"
1390,[]
1391,"[{'id': 8, 'name': 'Paminklai'}]"
1392,"[{'id': 8, 'name': 'Paminklai'}]"
1393,"[{'id': 4, 'name': 'Muziejai'}]"
1394,"[{'id': 4, 'name': 'Muziejai'}]"
1395,"[{'id': 2, 'name': 'Religingos vietos'}]"
1396,"[{'id': 2, 'name': 'Religingos vietos'}]"
1397,"[{'id': 2, 'name': 'Religingos vietos'}]"
1398,"[{'id': 2, 'name': 'Religingos vietos'}]"
1399,"[{'id': 2, 'name': 'Religingos vietos'}]"
1400,"[{'id': 6, 'name': 'Architektūriniai kūriniai'}]"
1401,[]
1402,[]
1403,[]
1404,"[{'id': 2, 'name': 'Religingos vietos'}]"
1405,"[{'id': 4, 'name': 'Muziejai'}]"
1406,"[{'id': 7, 'name': 'Galerijos'}]"
1407,[]
1408,"[{'id': 2, 'name': 'Religingos vietos'}]"
1409,[]
1410,[]
1411,"[{'id': 1, 'name': 'Kalnai'}]"
1412,[]
1413,"[{'id': 1, 'name': 'Kalnai'}]"
1414,"[{'id': 1, 'name': 'Kalnai'}]"
1415,"[{'id': 1, 'name': 'Kalnai'}]"
1416,"[{'id': 1, 'name': 'Kalnai'}]"
1417,"[{'id': 1, 'name': 'Kalnai'},{'id': 2, 'name': 'Religingos vietos'}]"
1418,"[{'id': 10, 'name': 'Gamta'}]"
1419,[]
1420,"[{'id': 1, 'name': 'Kalnai'}]"
1421,"[{'id': 2, 'name': 'Religingos vietos'}]"
1422,"[{'id': 9, 'name': 'Dvarai'}]"
1423,[]
1424,"[{'id': 12, 'name': 'Parkai'}]"
1425,"[{'id': 3, 'name': 'Sodybos'},{'id': 6, 'name': 'Architektūriniai kūriniai'}]"
1426,"[{'id': 2, 'name': 'Religingos vietos'}]"
1427,"[{'id': 4, 'name': 'Muziejai'}]"
1428,"[{'id': 1, 'name': 'Kalnai'}]"
1429,"[{'id': 4, 'name': 'Muziejai'}]"
1430,"[{'id': 2, 'name': 'Religingos vietos'}]"
1431,[]
1432,"[{'id': 1, 'name': 'Kalnai'}]"
1433,"[{'id': 2, 'name': 'Religingos vietos'}]"
1434,"[{'id': 12, 'name': 'Parkai'}]"
1435,"[{'id': 1, 'name': 'Kalnai'}]"
1436,"[{'id': 1, 'name': 'Kalnai'}]"
1437,"[{'id': 6, 'name': 'Architektūriniai kūriniai'}]"
1438,[]
1439,[]
1440,"[{'id': 2, 'name': 'Religingos vietos'}]"
1441,"[{'id': 2, 'name': 'Religingos vietos'}]"
1442,"[{'id': 2, 'name': 'Religingos vietos'}]"
1443,"[{'id': 3, 'name': 'Sodybos'},{'id': 9, 'name': 'Dvarai'}]"
1444,"[{'id': 4, 'name': 'Muziejai'}]"
1445,[]
1446,"[{'id': 2, 'name': 'Religingos vietos'}]"
1447,"[{'id': 6, 'name': 'Architektūriniai kūriniai'}]"
1448,"[{'id': 1, 'name': 'Kalnai'},{'id': 2, 'name': 'Religingos vietos'}]"
1449,"[{'id': 2, 'name': 'Religingos vietos'}]"
1450,[]
1451,[]
1452,[]
1453,"[{'id': 6, 'name': 'Architektūriniai kūriniai'}]"
1454,"[{'id': 2, 'name': 'Religingos vietos'}]"
1455,"[{'id': 6, 'name': 'Architektūriniai kūriniai'}]"
1456,[]
1457,"[{'id': 2, 'name': 'Religingos vietos'}]"
1458,"[{'id': 10, 'name': 'Gamta'}]"
1459,"[{'id': 2, 'name': 'Religingos vietos'}]"
1460,"[{'id': 2, 'name': 'Religingos vietos'}]"
1461,"[{'id': 3, 'name': 'Sodybos'},{'id': 9, 'name': 'Dvarai'}]"
1462,"[{'id': 8, 'name': 'Paminklai'}]"
1463,[]
1464,[]
1465,[]
1466,[]
1467,"[{'id': 2, 'name': 'Religingos vietos'}]"
1468,"[{'id': 3, 'name': 'Sodybos'},{'id': 9, 'name': 'Dvarai'}]"
1469,[]
1470,[]
1471,"[{'id': 9, 'name': 'Dvarai'}]"
1472,"[{'id': 2, 'name': 'Religingos vietos'},{'id': 6, 'name': 'Architektūriniai kūriniai'}]"
1473,"[{'id': 1, 'name': 'Kalnai'}]"
1474,"[{'id': 2, 'name': 'Religingos vietos'}]"
1475,"[{'id': 2, 'name': 'Religingos vietos'}]"
1476,"[{'id': 3, 'name': 'Sodybos'}]"
1477,"[{'id': 1, 'name': 'Kalnai'}]"
1478,[]
1479,"[{'id': 4, 'name': 'Muziejai'}]"
1480,"[{'id': 2, 'name': 'Religingos vietos'}]"
1481,[]
1482,"[{'id': 6, 'name': 'Architektūriniai kūriniai'}]"
1483,"[{'id': 8, 'name': 'Paminklai'}]"
1484,"[{'id': 2, 'name': 'Religingos vietos'}]"
1485,"[{'id': 4, 'name': 'Muziejai'}]"
1486,"[{'id': 4, 'name': 'Muziejai'}]"
1487,"[{'id': 4, 'name': 'Muziejai'}]"
1488,"[{'id': 4, 'name': 'Muziejai'}]"
1489,"[{'id': 4, 'name': 'Muziejai'}]"
1490,[]
1491,"[{'id': 10, 'name': 'Gamta'}]"
1492,"[{'id': 12, 'name': 'Parkai'}]"
1493,[]
1494,[]
1495,"[{'id': 1, 'name': 'Kalnai'}]"
1496,[]
1497,"[{'id': 4, 'name': 'Muziejai'}]"
1498,[]
1499,"[{'id': 2, 'name': 'Religingos vietos'}]"
1500,"[{'id': 1, 'name': 'Kalnai'}]"
1501,"[{'id': 10, 'name': 'Gamta'}]"
1502,"[{'id': 2, 'name': 'Religingos vietos'}]"
1503,"[{'id': 1, 'name': 'Kalnai'}]"
1504,"[{'id': 2, 'name': 'Religingos vietos'}]"
1505,"[{'id': 10, 'name': 'Gamta'}]"
1506,"[{'id': 2, 'name': 'Religingos vietos'}]"
1507,"[{'id': 6, 'name': 'Architektūriniai kūriniai'}]"
1508,"[{'id': 2, 'name': 'Religingos vietos'},{'id': 6, 'name': 'Architektūriniai kūriniai'}]"
1509,"[{'id': 2, 'name': 'Religingos vietos'}]"
1510,"[{'id': 4, 'name': 'Muziejai'}]"
1511,"[{'id': 2, 'name': 'Religingos vietos'}]"
1512,"[{'id': 7, 'name': 'Galerijos'}]"
1513,"[{'id': 12, 'name': 'Parkai'}]"
1514,"[{'id': 10, 'name': 'Gamta'}]"
1515,"[{'id': 10, 'name': 'Gamta'}]"
1516,"[{'id': 10, 'name': 'Gamta'}]"
1517,"[{'id': 10, 'name': 'Gamta'}]"
1518,"[{'id': 10, 'name': 'Gamta'}]"
1519,"[{'id': 2, 'name': 'Religingos vietos'}]"
1520,"[{'id': 2, 'name': 'Religingos vietos'}]"
1521,"[{'id': 4, 'name': 'Muziejai'}]"
1522,"[{'id': 3, 'name': 'Sodybos'}]"
1523,"[{'id': 2, 'name': 'Religingos vietos'}]"
1524,"[{'id': 2, 'name': 'Religingos vietos'}]"
1525,"[{'id': 2, 'name': 'Religingos vietos'}]"
1526,"[{'id': 8, 'name': 'Paminklai'}]"
1527,"[{'id': 2, 'name': 'Religingos vietos'}]"
1528,"[{'id': 8, 'name': 'Paminklai'}]"
1529,[]
1530,[]
1531,"[{'id': 1, 'name': 'Kalnai'}]"
1532,"[{'id': 4, 'name': 'Muziejai'}]"
1533,"[{'id': 10, 'name': 'Gamta'}]"
1534,"[{'id': 2, 'name': 'Religingos vietos'}]"
1535,"[{'id': 8, 'name': 'Paminklai'}]"
1536,"[{'id': 5, 'name': 'Informacijos vietos'}]"
1537,"[{'id': 1, 'name': 'Kalnai'}]"
1538,"[{'id': 1, 'name': 'Kalnai'}]"
1539,"[{'id': 2, 'name': 'Religingos vietos'}]"
1540,"[{'id': 1, 'name': 'Kalnai'}]"
1541,[]
1542,[]
1543,[]
1544,[]
1545,[]
1546,"[{'id': 10, 'name': 'Gamta'}]"
1547,"[{'id': 1, 'name': 'Kalnai'}]"
1548,"[{'id': 4, 'name': 'Muziejai'}]"
1549,"[{'id': 2, 'name': 'Religingos vietos'}]"
1550,[]
1551,[]
1552,"[{'id': 8, 'name': 'Paminklai'}]"
1553,[]
1554,[]
1555,[]
1556,[]
1557,"[{'id': 2, 'name': 'Religingos vietos'}]"
1558,"[{'id': 2, 'name': 'Religingos vietos'}]"
1559,[]
1560,"[{'id': 8, 'name': 'Paminklai'}]"
1561,"[{'id': 4, 'name': 'Muziejai'}]"
1562,"[{'id': 4, 'name': 'Muziejai'}]"
1563,"[{'id': 8, 'name': 'Paminklai'}]"
1564,[]
1565,"[{'id': 2, 'name': 'Religingos vietos'}]"
1566,"[{'id': 6, 'name': 'Architektūriniai kūriniai'}]"
1567,"[{'id': 2, 'name': 'Religingos vietos'}]"
1568,"[{'id': 5, 'name': 'Informacijos vietos'}]"
1569,"[{'id': 4, 'name': 'Muziejai'}]"
1570,"[{'id': 2, 'name': 'Religingos vietos'}]"
1571,"[{'id': 2, 'name': 'Religingos vietos'}]"
1572,"[{'id': 1, 'name': 'Kalnai'}]"
1573,"[{'id': 6, 'name': 'Architektūriniai kūriniai'}]"
1574,"[{'id': 8, 'name': 'Paminklai'}]"
1575,[]
1576,"[{'id': 2, 'name': 'Religingos vietos'}]"
1577,"[{'id': 4, 'name': 'Muziejai'}]"
1578,[]
1579,"[{'id': 6, 'name': 'Architektūriniai kūriniai'}]"
1580,"[{'id': 2, 'name': 'Religingos vietos'}]"
1581,[]
1582,"[{'id': 2, 'name': 'Religingos vietos'},{'id': 4, 'name': 'Muziejai'}]"
1583,[]
1584,[]
1585,[]
1586,"[{'id': 8, 'name': 'Paminklai'}]"
1587,"[{'id': 9, 'name': 'Dvarai'}]"
1588,"[{'id': 2, 'name': 'Religingos vietos'}]"
1589,"[{'id': 9, 'name': 'Dvarai'},{'id': 6, 'name': 'Architektūriniai kūriniai'}]"
1590,"[{'id': 9, 'name': 'Dvarai'}]"
1591,"[{'id': 9, 'name': 'Dvarai'}]"
1592,"[{'id': 8, 'name': 'Paminklai'}]"
1593,"[{'id': 10, 'name': 'Gamta'}]"
1594,[]
1595,[]
1596,[]
1597,[]
1598,[]
1599,"[{'id': 8, 'name': 'Paminklai'}]"
1600,"[{'id': 8, 'name': 'Paminklai'}]"
1601,"[{'id': 6, 'name': 'Architektūriniai kūriniai'}]"
1602,"[{'id': 8, 'name': 'Paminklai'}]"
1603,"[{'id': 2, 'name': 'Religingos vietos'}]"
1604,"[{'id': 2, 'name': 'Religingos vietos'}]"
1605,"[{'id': 2, 'name': 'Religingos vietos'}]"
1606,"[{'id': 3, 'name': 'Sodybos'},{'id': 9, 'name': 'Dvarai'}]"
1607,"[{'id': 1, 'name': 'Kalnai'},{'id': 6, 'name': 'Architektūriniai kūriniai'}]"
1608,"[{'id': 12, 'name': 'Parkai'},{'id': 3, 'name': 'Sodybos'},{'id': 9, 'name': 'Dvarai'}]"
1609,"[{'id': 1, 'name': 'Kalnai'}]"
1610,"[{'id': 1, 'name': 'Kalnai'}]"
1611,"[{'id': 4, 'name': 'Muziejai'}]"
1612,"[{'id': 8, 'name': 'Paminklai'}]"
1613,"[{'id': 8, 'name': 'Paminklai'}]"
1614,"[{'id': 8, 'name': 'Paminklai'}]"
1615,"[{'id': 4, 'name': 'Muziejai'}]"
1616,[]
1617,"[{'id': 3, 'name': 'Sodybos'},{'id': 9, 'name': 'Dvarai'}]"
1618,"[{'id': 12, 'name': 'Parkai'}]"
1619,"[{'id': 4, 'name': 'Muziejai'}]"
1620,[]
1621,[]
1622,[]
1623,"[{'id': 2, 'name': 'Religingos vietos'}]"
1624,"[{'id': 2, 'name': 'Religingos vietos'}]"
1625,"[{'id': 2, 'name': 'Religingos vietos'}]"
1626,"[{'id': 2, 'name': 'Religingos vietos'}]"
1627,[]
1628,"[{'id': 2, 'name': 'Religingos vietos'}]"
1629,[]
1630,"[{'id': 3, 'name': 'Sodybos'},{'id': 9, 'name': 'Dvarai'}]"
1631,"[{'id': 3, 'name': 'Sodybos'},{'id': 9, 'name': 'Dvarai'}]"
1632,"[{'id': 3, 'name': 'Sodybos'},{'id': 9, 'name': 'Dvarai'}]"
1633,[]
1634,"[{'id': 8, 'name': 'Paminklai'}]"
1635,"[{'id': 4, 'name': 'Muziejai'}]"
1636,[]
1637,"[{'id': 2, 'name': 'Religingos vietos'}]"
1638,"[{'id': 2, 'name': 'Religingos vietos'}]"
1639,"[{'id': 1, 'name': 'Kalnai'}]"
1640,"[{'id': 4, 'name': 'Muziejai'}]"
1641,"[{'id': 2, 'name': 'Religingos vietos'}]"
1642,"[{'id': 4, 'name': 'Muziejai'},{'id': 9, 'name': 'Dvarai'}]"
1643,[]
1644,"[{'id': 2, 'name': 'Religingos vietos'}]"
1645,"[{'id': 2, 'name': 'Religingos vietos'}]"
1646,"[{'id': 12, 'name': 'Parkai'},{'id': 8, 'name': 'Paminklai'}]"
1647,"[{'id': 2, 'name': 'Religingos vietos'}]"
1648,[]
1649,[]
1650,"[{'id': 2, 'name': 'Religingos vietos'}]"
1651,"[{'id': 3, 'name': 'Sodybos'},{'id': 9, 'name': 'Dvarai'}]"
1652,"[{'id': 12, 'name': 'Parkai'},{'id': 9, 'name': 'Dvarai'}]"
1653,"[{'id': 2, 'name': 'Religingos vietos'}]"
1654,"[{'id': 2, 'name': 'Religingos vietos'}]"
1655,"[{'id': 2, 'name': 'Religingos vietos'}]"
1656,"[{'id': 2, 'name': 'Religingos vietos'}]"
1657,[]
1658,"[{'id': 2, 'name': 'Religingos vietos'}]"
1659,"[{'id': 1, 'name': 'Kalnai'}]"
1660,"[{'id': 12, 'name': 'Parkai'}]"
1661,"[{'id': 3, 'name': 'Sodybos'},{'id': 9, 'name': 'Dvarai'}]"
1662,[]
1663,"[{'id': 2, 'name': 'Religingos vietos'}]"
1664,"[{'id': 2, 'name': 'Religingos vietos'}]"
1665,"[{'id': 2, 'name': 'Religingos vietos'}]"
1666,"[{'id': 2, 'name': 'Religingos vietos'}]"
1667,"[{'id': 2, 'name': 'Religingos vietos'}]"
1668,"[{'id': 2, 'name': 'Religingos vietos'}]"
1669,"[{'id': 2, 'name': 'Religingos vietos'}]"
1670,"[{'id': 2, 'name': 'Religingos vietos'}]"
1671,"[{'id': 2, 'name': 'Religingos vietos'}]"
1672,"[{'id': 2, 'name': 'Religingos vietos'}]"
1673,[]
1674,[]
1675,[]
1676,[]
1677,[]
1678,"[{'id': 1, 'name': 'Kalnai'}]"
1679,"[{'id': 2, 'name': 'Religingos vietos'}]"
1680,"[{'id': 4, 'name': 'Muziejai'}]"
1681,"[{'id': 2, 'name': 'Religingos vietos'}]"
1682,"[{'id': 2, 'name': 'Religingos vietos'}]"
1683,"[{'id': 2, 'name': 'Religingos vietos'}]"
1684,"[{'id': 2, 'name': 'Religingos vietos'}]"
1685,"[{'id': 2, 'name': 'Religingos vietos'}]"
1686,"[{'id': 8, 'name': 'Paminklai'},{'id': 10, 'name': 'Gamta'}]"
1687,"[{'id': 8, 'name': 'Paminklai'}]"
1688,[]
1689,"[{'id': 2, 'name': 'Religingos vietos'}]"
1690,"[{'id': 2, 'name': 'Religingos vietos'}]"
1691,"[{'id': 2, 'name': 'Religingos vietos'}]"
1692,"[{'id': 2, 'name': 'Religingos vietos'}]"
1693,"[{'id': 2, 'name': 'Religingos vietos'}]"
1694,[]
1695,"[{'id': 1, 'name': 'Kalnai'}]"
1696,"[{'id': 2, 'name': 'Religingos vietos'}]"
1697,"[{'id': 8, 'name': 'Paminklai'}]"
1698,"[{'id': 2, 'name': 'Religingos vietos'}]"
1699,[]
1700,"[{'id': 1, 'name': 'Kalnai'}]"
1701,"[{'id': 10, 'name': 'Gamta'}]"
1702,[]
1703,"[{'id': 10, 'name': 'Gamta'}]"
1704,"[{'id': 2, 'name': 'Religingos vietos'}]"
1705,"[{'id': 6, 'name': 'Architektūriniai kūriniai'}]"
1706,"[{'id': 2, 'name': 'Religingos vietos'}]"
1707,[]
1708,[]
1709,[]
1710,[]
1711,"[{'id': 2, 'name': 'Religingos vietos'}]"
1712,[]
1713,"[{'id': 2, 'name': 'Religingos vietos'}]"
1714,"[{'id': 2, 'name': 'Religingos vietos'}]"
1715,[]
1716,[]
1717,[]
1718,"[{'id': 8, 'name': 'Paminklai'}]"
1719,"[{'id': 2, 'name': 'Religingos vietos'}]"
1720,"[{'id': 2, 'name': 'Religingos vietos'}]"
1721,"[{'id': 4, 'name': 'Muziejai'}]"
1722,"[{'id': 12, 'name': 'Parkai'}]"
1723,"[{'id': 3, 'name': 'Sodybos'},{'id': 9, 'name': 'Dvarai'}]"
1724,"[{'id': 4, 'name': 'Muziejai'}]"
1725,[]
1726,"[{'id': 4, 'name': 'Muziejai'}]"
1727,[]
1728,"[{'id': 10, 'name': 'Gamta'}]"
1729,"[{'id': 8, 'name': 'Paminklai'}]"
1730,"[{'id': 8, 'name': 'Paminklai'}]"
1731,"[{'id': 1, 'name': 'Kalnai'},{'id': 6, 'name': 'Architektūriniai kūriniai'}]"
1732,"[{'id': 1, 'name': 'Kalnai'},{'id': 6, 'name': 'Architektūriniai kūriniai'}]"
1733,"[{'id': 1, 'name': 'Kalnai'}]"
1734,"[{'id': 1, 'name': 'Kalnai'},{'id': 6, 'name': 'Architektūriniai kūriniai'}]"
1735,"[{'id': 2, 'name': 'Religingos vietos'}]"
1736,"[{'id': 2, 'name': 'Religingos vietos'}]"
1737,"[{'id': 2, 'name': 'Religingos vietos'}]"
1738,[]
1739,[]
1740,[]
1741,"[{'id': 2, 'name': 'Religingos vietos'}]"
1742,"[{'id': 2, 'name': 'Religingos vietos'}]"
1743,"[{'id': 2, 'name': 'Religingos vietos'}]"
1744,"[{'id': 5, 'name': 'Informacijos vietos'}]"
1745,"[{'id': 2, 'name': 'Religingos vietos'}]"
1746,"[{'id': 2, 'name': 'Religingos vietos'}]"
1747,"[{'id': 1, 'name': 'Kalnai'}]"
1748,"[{'id': 1, 'name': 'Kalnai'}]"
1749,[]
1750,[]
1751,"[{'id': 5, 'name': 'Informacijos vietos'}]"
1752,"[{'id': 2, 'name': 'Religingos vietos'}]"
1753,"[{'id': 4, 'name': 'Muziejai'}]"
1754,"[{'id': 4, 'name': 'Muziejai'}]"
1755,"[{'id': 2, 'name': 'Religingos vietos'}]"
1756,"[{'id': 2, 'name': 'Religingos vietos'}]"
1757,"[{'id': 4, 'name': 'Muziejai'}]"
1758,"[{'id': 4, 'name': 'Muziejai'}]"
1759,[]
1760,[]
1761,[]
1762,"[{'id': 10, 'name': 'Gamta'}]"
1763,"[{'id': 7, 'name': 'Galerijos'}]"
1764,[]
1765,[]
1766,[]
1767,"[{'id': 2, 'name': 'Religingos vietos'}]"
1768,"[{'id': 4, 'name': 'Muziejai'}]"
1769,"[{'id': 4, 'name': 'Muziejai'}]"
1770,"[{'id': 4, 'name': 'Muziejai'}]"
1771,"[{'id': 4, 'name': 'Muziejai'}]"
1772,"[{'id': 4, 'name': 'Muziejai'},{'id': 12, 'name': 'Parkai'}]"
1773,[]
1774,"[{'id': 2, 'name': 'Religingos vietos'}]"
1775,"[{'id': 2, 'name': 'Religingos vietos'}]"
1776,"[{'id': 8, 'name': 'Paminklai'}]"
1777,[]
1778,[]
1779,[]
1780,[]
1781,[]
1782,[]
1783,[]
1784,[]
1785,"[{'id': 1, 'name': 'Kalnai'}]"
1786,"[{'id': 1, 'name': 'Kalnai'}]"
1787,"[{'id': 2, 'name': 'Religingos vietos'}]"
1788,[]
1789,[]
1790,"[{'id': 4, 'name': 'Muziejai'}]"
1791,"[{'id': 1, 'name': 'Kalnai'}]"
1792,"[{'id': 9, 'name': 'Dvarai'}]"
1793,[]
1794,"[{'id': 4, 'name': 'Muziejai'}]"
1795,"[{'id': 9, 'name': 'Dvarai'}]"
1796,"[{'id': 3, 'name': 'Sodybos'},{'id': 9, 'name': 'Dvarai'}]"
1797,"[{'id': 2, 'name': 'Religingos vietos'}]"
1798,"[{'id': 8, 'name': 'Paminklai'}]"
1799,"[{'id': 2, 'name': 'Religingos vietos'}]"
1800,[]
1801,[]
1802,"[{'id': 10, 'name': 'Gamta'}]"
1803,"[{'id': 6, 'name': 'Architektūriniai kūriniai'}]"
1804,"[{'id': 1, 'name': 'Kalnai'},{'id': 6, 'name': 'Architektūriniai kūriniai'}]"
1805,"[{'id': 1, 'name': 'Kalnai'}]"
1806,"[{'id': 4, 'name': 'Muziejai'}]"
1807,"[{'id': 12, 'name': 'Parkai'}]"
1808,"[{'id': 2, 'name': 'Religingos vietos'}]"
1809,"[{'id': 1, 'name': 'Kalnai'}]"
1810,[]
1811,"[{'id': 6, 'name': 'Architektūriniai kūriniai'}]"
1812,"[{'id': 6, 'name': 'Architektūriniai kūriniai'}]"
1813,[]
1814,[]
1815,"[{'id': 3, 'name': 'Sodybos'}]"
1816,[]
1817,[]
1818,"[{'id': 2, 'name': 'Religingos vietos'}]"
1819,"[{'id': 4, 'name': 'Muziejai'}]"
1820,"[{'id': 2, 'name': 'Religingos vietos'}]"
1821,"[{'id': 2, 'name': 'Religingos vietos'}]"
1822,"[{'id': 2, 'name': 'Religingos vietos'}]"
1823,"[{'id': 2, 'name': 'Religingos vietos'}]"
1824,"[{'id': 2, 'name': 'Religingos vietos'}]"
1825,"[{'id': 2, 'name': 'Religingos vietos'}]"
1826,"[{'id': 12, 'name': 'Parkai'}]"
1827,"[{'id': 2, 'name': 'Religingos vietos'}]"
1828,"[{'id': 4, 'name': 'Muziejai'}]"
1829,"[{'id': 4, 'name': 'Muziejai'}]"
1830,[]
1831,"[{'id': 10, 'name': 'Gamta'}]"
1832,[]
1833,[]
1834,[]
1835,[]
1836,[]
1837,"[{'id': 1, 'name': 'Kalnai'}]"
1838,[]
1839,[]
1840,"[{'id': 10, 'name': 'Gamta'}]"
1841,[]
1842,"[{'id': 6, 'name': 'Architektūriniai kūriniai'}]"
1843,[]
1844,"[{'id': 3, 'name': 'Sodybos'},{'id': 9, 'name': 'Dvarai'}]"
1845,"[{'id': 3, 'name': 'Sodybos'},{'id': 9, 'name': 'Dvarai'}]"
1846,"[{'id': 2, 'name': 'Religingos vietos'}]"
1847,"[{'id': 10, 'name': 'Gamta'}]"
1848,"[{'id': 10, 'name': 'Gamta'}]"
1849,"[{'id': 10, 'name': 'Gamta'}]"
1850,[]
1851,"[{'id': 2, 'name': 'Religingos vietos'}]"
1852,"[{'id': 2, 'name': 'Religingos vietos'}]"
1853,"[{'id': 5, 'name': 'Informacijos vietos'}]"
1854,[]
1855,"[{'id': 1, 'name': 'Kalnai'},{'id': 9, 'name': 'Dvarai'}]"
1856,"[{'id': 5, 'name': 'Informacijos vietos'}]"
1857,"[{'id': 12, 'name': 'Parkai'}]"
1858,"[{'id': 12, 'name': 'Parkai'}]"
1859,"[{'id': 1, 'name': 'Kalnai'}]"
1860,"[{'id': 1, 'name': 'Kalnai'}]"
1861,"[{'id': 1, 'name': 'Kalnai'}]"
1862,"[{'id': 1, 'name': 'Kalnai'}]"
1863,"[{'id': 1, 'name': 'Kalnai'},{'id': 9, 'name': 'Dvarai'}]"
1864,"[{'id': 1, 'name': 'Kalnai'}]"
1865,"[{'id': 1, 'name': 'Kalnai'}]"
1866,"[{'id': 1, 'name': 'Kalnai'}]"
1867,"[{'id': 1, 'name': 'Kalnai'}]"
1868,"[{'id': 2, 'name': 'Religingos vietos'}]"
1869,"[{'id': 1, 'name': 'Kalnai'}]"
1870,"[{'id': 3, 'name': 'Sodybos'},{'id': 9, 'name': 'Dvarai'}]"
1871,[]
1872,"[{'id': 10, 'name': 'Gamta'}]"
1873,"[{'id': 5, 'name': 'Informacijos vietos'}]"
1874,"[{'id': 4, 'name': 'Muziejai'}]"
1875,"[{'id': 2, 'name': 'Religingos vietos'}]"
1876,"[{'id': 1, 'name': 'Kalnai'}]"
1877,"[{'id': 1, 'name': 'Kalnai'}]"
1878,"[{'id': 2, 'name': 'Religingos vietos'}]"
1879,"[{'id': 3, 'name': 'Sodybos'}]"
1880,[]
1881,"[{'id': 4, 'name': 'Muziejai'},{'id': 3, 'name': 'Sodybos'}]"
1882,"[{'id': 4, 'name': 'Muziejai'}]"
1883,[]
1884,"[{'id': 4, 'name': 'Muziejai'}]"
1885,"[{'id': 4, 'name': 'Muziejai'}]"
1886,"[{'id': 4, 'name': 'Muziejai'}]"
1887,"[{'id': 12, 'name': 'Parkai'},{'id': 9, 'name': 'Dvarai'}]"
1888,"[{'id': 4, 'name': 'Muziejai'}]"
1889,"[{'id': 1, 'name': 'Kalnai'}]"
1890,"[{'id': 1, 'name': 'Kalnai'}]"
1891,[]
1892,[]
1893,[]
1894,[]
1895,"[{'id': 12, 'name': 'Parkai'},{'id': 3, 'name': 'Sodybos'},{'id': 9, 'name': 'Dvarai'}]"
1896,"[{'id': 3, 'name': 'Sodybos'},{'id': 9, 'name': 'Dvarai'}]"
1897,"[{'id': 4, 'name': 'Muziejai'},{'id': 3, 'name': 'Sodybos'}]"
1898,"[{'id': 4, 'name': 'Muziejai'}]"
1899,"[{'id': 3, 'name': 'Sodybos'},{'id': 9, 'name': 'Dvarai'}]"
1900,"[{'id': 3, 'name': 'Sodybos'},{'id': 9, 'name': 'Dvarai'}]"
1901,"[{'id': 3, 'name': 'Sodybos'},{'id': 9, 'name': 'Dvarai'}]"
1902,"[{'id': 2, 'name': 'Religingos vietos'}]"
1903,"[{'id': 3, 'name': 'Sodybos'},{'id': 2, 'name': 'Religingos vietos'}]"
1904,"[{'id': 2, 'name': 'Religingos vietos'}]"
1905,"[{'id': 4, 'name': 'Muziejai'}]"
1906,[]
1907,[]
1908,[]
1909,[]
1910,[]
1911,[]
1912,"[{'id': 1, 'name': 'Kalnai'},{'id': 10, 'name': 'Gamta'}]"
1913,[]
1914,[]
1915,"[{'id': 2, 'name': 'Religingos vietos'}]"
1916,"[{'id': 2, 'name': 'Religingos vietos'}]"
1917,"[{'id': 7, 'name': 'Galerijos'}]"
1918,"[{'id': 2, 'name': 'Religingos vietos'},{'id': 6, 'name': 'Architektūriniai kūriniai'}]"
1919,"[{'id': 4, 'name': 'Muziejai'}]"
1920,[]
1921,"[{'id': 1, 'name': 'Kalnai'}]"
1922,"[{'id': 1, 'name': 'Kalnai'}]"
1923,"[{'id': 1, 'name': 'Kalnai'},{'id': 10, 'name': 'Gamta'}]"
1924,"[{'id': 8, 'name': 'Paminklai'}]"
1925,"[{'id': 8, 'name': 'Paminklai'}]"
1926,[]
1927,"[{'id': 7, 'name': 'Galerijos'}]"
1928,"[{'id': 2, 'name': 'Religingos vietos'}]"
1929,"[{'id': 2, 'name': 'Religingos vietos'}]"
1930,"[{'id': 2, 'name': 'Religingos vietos'}]"
1931,"[{'id': 2, 'name': 'Religingos vietos'}]"
1932,"[{'id': 2, 'name': 'Religingos vietos'}]"
1933,"[{'id': 4, 'name': 'Muziejai'}]"
1934,"[{'id': 2, 'name': 'Religingos vietos'}]"
1935,"[{'id': 2, 'name': 'Religingos vietos'}]"
1936,"[{'id': 6, 'name': 'Architektūriniai kūriniai'}]"
1937,"[{'id': 6, 'name': 'Architektūriniai kūriniai'}]"
1938,"[{'id': 4, 'name': 'Muziejai'},{'id': 2, 'name': 'Religingos vietos'}]"
1939,[]
1940,[]
1941,[]
1942,[]
1943,"[{'id': 1, 'name': 'Kalnai'}]"
1944,"[{'id': 2, 'name': 'Religingos vietos'}]"
1945,"[{'id': 2, 'name': 'Religingos vietos'}]"
1946,"[{'id': 2, 'name': 'Religingos vietos'}]"
1947,[]
1948,"[{'id': 3, 'name': 'Sodybos'},{'id': 9, 'name': 'Dvarai'}]"
1949,"[{'id': 3, 'name': 'Sodybos'},{'id': 9, 'name': 'Dvarai'}]"
1950,"[{'id': 2, 'name': 'Religingos vietos'}]"
1951,"[{'id': 2, 'name': 'Religingos vietos'}]"
1952,"[{'id': 2, 'name': 'Religingos vietos'}]"
1953,"[{'id': 2, 'name': 'Religingos vietos'}]"
1954,"[{'id': 3, 'name': 'Sodybos'},{'id': 9, 'name': 'Dvarai'}]"
1955,[]
1956,[]
1957,"[{'id': 4, 'name': 'Muziejai'}]"
1958,[]
1959,"[{'id': 8, 'name': 'Paminklai'}]"
1960,"[{'id': 1, 'name': 'Kalnai'}]"
1961,[]
1962,"[{'id': 7, 'name': 'Galerijos'}]"
1963,"[{'id': 4, 'name': 'Muziejai'}]"
1964,[]
1965,"[{'id': 4, 'name': 'Muziejai'}]"
1966,"[{'id': 2, 'name': 'Religingos vietos'}]"
1967,"[{'id': 12, 'name': 'Parkai'}]"
1968,"[{'id': 6, 'name': 'Architektūriniai kūriniai'}]"
1969,"[{'id': 6, 'name': 'Architektūriniai kūriniai'}]"
1970,"[{'id': 2, 'name': 'Religingos vietos'}]"
1971,"[{'id': 2, 'name': 'Religingos vietos'}]"
1972,[]
1973,[]
1974,"[{'id': 1, 'name': 'Kalnai'},{'id': 2, 'name': 'Religingos vietos'}]"
1975,"[{'id': 2, 'name': 'Religingos vietos'}]"
1976,"[{'id': 4, 'name': 'Muziejai'}]"
1977,"[{'id': 4, 'name': 'Muziejai'}]"
1978,"[{'id': 2, 'name': 'Religingos vietos'}]"
1979,"[{'id': 1, 'name': 'Kalnai'}]"
1980,"[{'id': 2, 'name': 'Religingos vietos'}]"
1981,"[{'id': 2, 'name': 'Religingos vietos'}]"
1982,"[{'id': 4, 'name': 'Muziejai'}]"
1983,"[{'id': 4, 'name': 'Muziejai'}]"
1984,[]
1985,"[{'id': 2, 'name': 'Religingos vietos'}]"
1986,"[{'id': 4, 'name': 'Muziejai'}]"
1987,"[{'id': 4, 'name': 'Muziejai'},{'id': 6, 'name': 'Architektūriniai kūriniai'}]"
1988,"[{'id': 10, 'name': 'Gamta'}]"
1989,"[{'id': 8, 'name': 'Paminklai'}]"
1990,[]
1991,[]
1992,"[{'id': 4, 'name': 'Muziejai'}]"
1993,"[{'id': 1, 'name': 'Kalnai'}]"
1994,"[{'id': 1, 'name': 'Kalnai'}]"
1995,"[{'id': 1, 'name': 'Kalnai'}]"
1996,"[{'id': 10, 'name': 'Gamta'}]"
1997,"[{'id': 6, 'name': 'Architektūriniai kūriniai'}]"
1998,"[{'id': 2, 'name': 'Religingos vietos'}]"
1999,[]
2000,"[{'id': 8, 'name': 'Paminklai'}]"
2001,"[{'id': 1, 'name': 'Kalnai'}]"
2002,"[{'id': 7, 'name': 'Galerijos'}]"
2003,"[{'id': 4, 'name': 'Muziejai'}]"
2004,[]
2005,"[{'id': 2, 'name': 'Religingos vietos'}]"
2006,"[{'id': 9, 'name': 'Dvarai'}]"
2007,"[{'id': 2, 'name': 'Religingos vietos'}]"
2008,"[{'id': 2, 'name': 'Religingos vietos'}]"
2009,"[{'id': 9, 'name': 'Dvarai'}]"
2010,"[{'id': 6, 'name': 'Architektūriniai kūriniai'}]"
2011,"[{'id': 2, 'name': 'Religingos vietos'}]"
2012,"[{'id': 2, 'name': 'Religingos vietos'}]"
2013,"[{'id': 10, 'name': 'Gamta'}]"
2014,"[{'id': 8, 'name': 'Paminklai'}]"
2015,"[{'id': 8, 'name': 'Paminklai'}]"
2016,"[{'id': 8, 'name': 'Paminklai'}]"
2017,[]
2018,"[{'id': 4, 'name': 'Muziejai'},{'id': 2, 'name': 'Religingos vietos'}]"
2019,"[{'id': 12, 'name': 'Parkai'}]"
2020,"[{'id': 2, 'name': 'Religingos vietos'}]"
2021,"[{'id': 4, 'name': 'Muziejai'},{'id': 6, 'name': 'Architektūriniai kūriniai'}]"
2022,"[{'id': 10, 'name': 'Gamta'}]"
2023,"[{'id': 2, 'name': 'Religingos vietos'}]"
2024,"[{'id': 10, 'name': 'Gamta'}]"
2025,"[{'id': 1, 'name': 'Kalnai'}]"
2026,[]
2027,"[{'id': 12, 'name': 'Parkai'}]"
2028,"[{'id': 1, 'name': 'Kalnai'}]"
2029,"[{'id': 10, 'name': 'Gamta'}]"
2030,"[{'id': 10, 'name': 'Gamta'}]"
2031,"[{'id': 12, 'name': 'Parkai'}]"
2032,[]
2033,[]
2034,[]
2035,[]
2036,[]
2037,[]
2038,[]
2039,[]
2040,[]
2041,"[{'id': 2, 'name': 'Religingos vietos'}]"
2042,"[{'id': 1, 'name': 'Kalnai'}]"
2043,"[{'id': 2, 'name': 'Religingos vietos'}]"
2044,"[{'id': 1, 'name': 'Kalnai'}]"
2045,[]
2046,"[{'id': 9, 'name': 'Dvarai'}]"
2047,[]
2048,"[{'id': 12, 'name': 'Parkai'}]"
2049,[]
2050,[]
2051,"[{'id': 4, 'name': 'Muziejai'}]"
2052,"[{'id': 12, 'name': 'Parkai'}]"
2053,"[{'id': 5, 'name': 'Informacijos vietos'}]"
2054,"[{'id': 1, 'name': 'Kalnai'}]"
2055,"[{'id': 3, 'name': 'Sodybos'}]"
2056,"[{'id': 1, 'name': 'Kalnai'},{'id': 10, 'name': 'Gamta'}]"
2057,"[{'id': 5, 'name': 'Informacijos vietos'}]"
2058,"[{'id': 5, 'name': 'Informacijos vietos'}]"
2059,"[{'id': 8, 'name': 'Paminklai'}]"
2060,"[{'id': 10, 'name': 'Gamta'}]"
2061,"[{'id': 4, 'name': 'Muziejai'}]"
2062,"[{'id': 4, 'name': 'Muziejai'}]"
2063,[]
2064,"[{'id': 4, 'name': 'Muziejai'}]"
2065,[]
2066,"[{'id': 4, 'name': 'Muziejai'}]"
2067,[]
2068,[]
2069,[]
2070,[]
2071,"[{'id': 2, 'name': 'Religingos vietos'}]"
2072,"[{'id': 2, 'name': 'Religingos vietos'},{'id': 12, 'name': 'Parkai'}]"
2073,[]
2074,"[{'id': 2, 'name': 'Religingos vietos'}]"
2075,"[{'id': 1, 'name': 'Kalnai'}]"
2076,"[{'id': 5, 'name': 'Informacijos vietos'}]"
2077,"[{'id': 3, 'name': 'Sodybos'},{'id': 9, 'name': 'Dvarai'}]"
2078,"[{'id': 9, 'name': 'Dvarai'}]"
2079,"[{'id': 1, 'name': 'Kalnai'}]"
2080,"[{'id': 2, 'name': 'Religingos vietos'}]"
2081,"[{'id': 3, 'name': 'Sodybos'},{'id': 9, 'name': 'Dvarai'}]"
2082,"[{'id': 4, 'name': 'Muziejai'},{'id': 6, 'name': 'Architektūriniai kūriniai'}]"
2083,"[{'id': 1, 'name': 'Kalnai'},{'id': 10, 'name': 'Gamta'}]"
2084,"[{'id': 7, 'name': 'Galerijos'}]"
2085,"[{'id': 10, 'name': 'Gamta'}]"
2086,"[{'id': 1, 'name': 'Kalnai'}]"
2087,"[{'id': 4, 'name': 'Muziejai'}]"
2088,[]
2089,"[{'id': 4, 'name': 'Muziejai'}]"
2090,"[{'id': 9, 'name': 'Dvarai'}]"
2091,"[{'id': 9, 'name': 'Dvarai'}]"
2092,"[{'id': 2, 'name': 'Religingos vietos'}]"
2093,"[{'id': 4, 'name': 'Muziejai'},{'id': 3, 'name': 'Sodybos'}]"
2094,[]
2095,"[{'id': 2, 'name': 'Religingos vietos'}]"
2096,[]
2097,"[{'id': 1, 'name': 'Kalnai'}]"
2098,"[{'id': 8, 'name': 'Paminklai'}]"
2099,"[{'id': 8, 'name': 'Paminklai'}]"
2100,"[{'id': 4, 'name': 'Muziejai'}]"
2101,"[{'id': 1, 'name': 'Kalnai'}]"
2102,[]
2103,"[{'id': 12, 'name': 'Parkai'}]"
2104,[]
2105,"[{'id': 9, 'name': 'Dvarai'}]"
2106,[]
2107,"[{'id': 2, 'name': 'Religingos vietos'}]"
2108,"[{'id': 3, 'name': 'Sodybos'},{'id': 9, 'name': 'Dvarai'}]"
2109,"[{'id': 2, 'name': 'Religingos vietos'}]"
2110,"[{'id': 2, 'name': 'Religingos vietos'}]"
2111,"[{'id': 10, 'name': 'Gamta'}]"
2112,"[{'id': 1, 'name': 'Kalnai'}]"
2113,"[{'id': 10, 'name': 'Gamta'}]"
2114,"[{'id': 10, 'name': 'Gamta'}]"
2115,"[{'id': 1, 'name': 'Kalnai'}]"
2116,"[{'id': 2, 'name': 'Religingos vietos'}]"
2117,"[{'id': 1, 'name': 'Kalnai'},{'id': 10, 'name': 'Gamta'}]"
2118,[]
2119,"[{'id': 4, 'name': 'Muziejai'}]"
2120,"[{'id': 5, 'name': 'Informacijos vietos'}]"
2121,"[{'id': 10, 'name': 'Gamta'}]"
2122,"[{'id': 10, 'name': 'Gamta'}]"
2123,"[{'id': 8, 'name': 'Paminklai'}]"
2124,"[{'id': 8, 'name': 'Paminklai'}]"
2125,"[{'id': 9, 'name': 'Dvarai'}]"
2126,[]
2127,"[{'id': 2, 'name': 'Religingos vietos'}]"
2128,"[{'id': 1, 'name': 'Kalnai'}]"
2129,"[{'id': 2, 'name': 'Religingos vietos'}]"
2130,"[{'id': 3, 'name': 'Sodybos'}]"
2131,[]
2132,[]
2133,[]
2134,"[{'id': 12, 'name': 'Parkai'}]"
2135,"[{'id': 6, 'name': 'Architektūriniai kūriniai'}]"
2136,"[{'id': 9, 'name': 'Dvarai'}]"
2137,[]
2138,"[{'id': 2, 'name': 'Religingos vietos'}]"
2139,[]
2140,[]
2141,"[{'id': 7, 'name': 'Galerijos'}]"
2142,"[{'id': 4, 'name': 'Muziejai'}]"
2143,"[{'id': 1, 'name': 'Kalnai'},{'id': 10, 'name': 'Gamta'}]"
2144,"[{'id': 8, 'name': 'Paminklai'}]"
2145,"[{'id': 9, 'name': 'Dvarai'}]"
2146,"[{'id': 2, 'name': 'Religingos vietos'}]"
2147,"[{'id': 3, 'name': 'Sodybos'},{'id': 9, 'name': 'Dvarai'}]"
2148,"[{'id': 4, 'name': 'Muziejai'}]"
2149,"[{'id': 2, 'name': 'Religingos vietos'}]"
2150,"[{'id': 8, 'name': 'Paminklai'}]"
2151,[]
2152,"[{'id': 2, 'name': 'Religingos vietos'}]"
2153,"[{'id': 2, 'name': 'Religingos vietos'}]"
2154,"[{'id': 9, 'name': 'Dvarai'}]"
2155,[]
2156,"[{'id': 2, 'name': 'Religingos vietos'}]"
2157,"[{'id': 4, 'name': 'Muziejai'}]"
2158,"[{'id': 1, 'name': 'Kalnai'}]"
2159,[]
2160,[]
2161,"[{'id': 6, 'name': 'Architektūriniai kūriniai'}]"
2162,"[{'id': 2, 'name': 'Religingos vietos'}]"
2163,"[{'id': 12, 'name': 'Parkai'}]"
2164,"[{'id': 12, 'name': 'Parkai'}]"
2165,"[{'id': 4, 'name': 'Muziejai'}]"
2166,[]
2167,[]
2168,[]
2169,"[{'id': 7, 'name': 'Galerijos'}]"
2170,"[{'id': 1, 'name': 'Kalnai'},{'id': 10, 'name': 'Gamta'}]"
2171,"[{'id': 1, 'name': 'Kalnai'}]"
2172,"[{'id': 8, 'name': 'Paminklai'}]"
2173,"[{'id': 7, 'name': 'Galerijos'}]"
2174,"[{'id': 9, 'name': 'Dvarai'}]"
2175,"[{'id': 9, 'name': 'Dvarai'}]"
2176,"[{'id': 8, 'name': 'Paminklai'}]"
2177,"[{'id': 7, 'name': 'Galerijos'}]"
2178,"[{'id': 3, 'name': 'Sodybos'}]"
2179,[]
2180,"[{'id': 12, 'name': 'Parkai'}]"
2181,"[{'id': 12, 'name': 'Parkai'}]"
2182,"[{'id': 9, 'name': 'Dvarai'}]"
2183,[]
2184,[]
2185,"[{'id': 4, 'name': 'Muziejai'}]"
2186,"[{'id': 4, 'name': 'Muziejai'}]"
2187,"[{'id': 2, 'name': 'Religingos vietos'}]"
2188,"[{'id': 10, 'name': 'Gamta'}]"
2189,[]
2190,[]
2191,[]
2192,"[{'id': 7, 'name': 'Galerijos'}]"
2193,[]
2194,"[{'id': 1, 'name': 'Kalnai'}]"
2195,"[{'id': 1, 'name': 'Kalnai'}]"
2196,"[{'id': 4, 'name': 'Muziejai'}]"
2197,[]
2198,"[{'id': 4, 'name': 'Muziejai'}]"
2199,"[{'id': 4, 'name': 'Muziejai'}]"
2200,"[{'id': 9, 'name': 'Dvarai'}]"
2201,[]
2202,[]
2203,[]
2204,[]
2205,[]
2206,"[{'id': 4, 'name': 'Muziejai'}]"
2207,[]
2208,"[{'id': 2, 'name': 'Religingos vietos'}]"
2209,[]
2210,[]
2211,"[{'id': 4, 'name': 'Muziejai'}]"
2212,"[{'id': 2, 'name': 'Religingos vietos'}]"
2213,"[{'id': 2, 'name': 'Religingos vietos'}]"
2214,"[{'id': 2, 'name': 'Religingos vietos'}]"
2215,"[{'id': 12, 'name': 'Parkai'}]"
2216,"[{'id': 2, 'name': 'Religingos vietos'}]"
2217,"[{'id': 2, 'name': 'Religingos vietos'}]"
2218,"[{'id': 2, 'name': 'Religingos vietos'}]"
2219,[]
2220,"[{'id': 2, 'name': 'Religingos vietos'}]"
2221,"[{'id': 3, 'name': 'Sodybos'},{'id': 9, 'name': 'Dvarai'}]"
2222,"[{'id': 6, 'name': 'Architektūriniai kūriniai'}]"
2223,"[{'id': 5, 'name': 'Informacijos vietos'}]"
2224,"[{'id': 4, 'name': 'Muziejai'}]"
2225,"[{'id': 4, 'name': 'Muziejai'}]"
2226,"[{'id': 4, 'name': 'Muziejai'}]"
2227,"[{'id': 1, 'name': 'Kalnai'}]"
2228,"[{'id': 7, 'name': 'Galerijos'}]"
2229,[]
2230,[]
2231,"[{'id': 4, 'name': 'Muziejai'}]"
2232,"[{'id': 3, 'name': 'Sodybos'},{'id': 9, 'name': 'Dvarai'}]"
2233,"[{'id': 1, 'name': 'Kalnai'}]"
2234,"[{'id': 1, 'name': 'Kalnai'}]"
2235,"[{'id': 1, 'name': 'Kalnai'}]"
2236,"[{'id': 1, 'name': 'Kalnai'}]"
2237,"[{'id': 1, 'name': 'Kalnai'}]"
2238,"[{'id': 1, 'name': 'Kalnai'}]"
2239,"[{'id': 1, 'name': 'Kalnai'}]"
2240,[]
2241,"[{'id': 5, 'name': 'Informacijos vietos'}]"
2242,[]
2243,"[{'id': 3, 'name': 'Sodybos'},{'id': 9, 'name': 'Dvarai'}]"
2244,"[{'id': 2, 'name': 'Religingos vietos'}]"
2245,"[{'id': 2, 'name': 'Religingos vietos'}]"
2246,"[{'id': 4, 'name': 'Muziejai'}]"
2247,[]
2248,"[{'id': 2, 'name': 'Religingos vietos'}]"
2249,"[{'id': 2, 'name': 'Religingos vietos'}]"
2250,"[{'id': 4, 'name': 'Muziejai'}]"
2251,"[{'id': 5, 'name': 'Informacijos vietos'}]"
2252,[]
2253,[]
2254,"[{'id': 6, 'name': 'Architektūriniai kūriniai'}]"
2255,"[{'id': 6, 'name': 'Architektūriniai kūriniai'}]"
2256,"[{'id': 1, 'name': 'Kalnai'}]"
2257,"[{'id': 1, 'name': 'Kalnai'}]"
2258,"[{'id': 1, 'name': 'Kalnai'}]"
2259,"[{'id': 1, 'name': 'Kalnai'}]"
2260,"[{'id': 1, 'name': 'Kalnai'}]"
2261,"[{'id': 1, 'name': 'Kalnai'}]"
2262,"[{'id': 1, 'name': 'Kalnai'}]"
2263,"[{'id': 1, 'name': 'Kalnai'}]"
2264,"[{'id': 1, 'name': 'Kalnai'}]"
2265,"[{'id': 1, 'name': 'Kalnai'}]"
2266,"[{'id': 1, 'name': 'Kalnai'}]"
2267,"[{'id': 1, 'name': 'Kalnai'}]"
2268,"[{'id': 1, 'name': 'Kalnai'}]"
2269,"[{'id': 1, 'name': 'Kalnai'}]"
2270,"[{'id': 1, 'name': 'Kalnai'}]"
2271,"[{'id': 2, 'name': 'Religingos vietos'}]"
2272,[]
2273,"[{'id': 2, 'name': 'Religingos vietos'}]"
2274,"[{'id': 2, 'name': 'Religingos vietos'}]"
2275,[]
2276,[]
2277,"[{'id': 12, 'name': 'Parkai'}]"
2278,"[{'id': 4, 'name': 'Muziejai'}]"
2279,"[{'id': 7, 'name': 'Galerijos'}]"
2280,"[{'id': 7, 'name': 'Galerijos'}]"
2281,"[{'id': 2, 'name': 'Religingos vietos'}]"
2282,"[{'id': 2, 'name': 'Religingos vietos'}]"
2283,[]
2284,"[{'id': 2, 'name': 'Religingos vietos'}]"
2285,"[{'id': 2, 'name': 'Religingos vietos'}]"
2286,"[{'id': 1, 'name': 'Kalnai'}]"
2287,"[{'id': 1, 'name': 'Kalnai'}]"
2288,[]
2289,"[{'id': 4, 'name': 'Muziejai'}]"
2290,"[{'id': 2, 'name': 'Religingos vietos'}]"
2291,"[{'id': 8, 'name': 'Paminklai'}]"
2292,"[{'id': 9, 'name': 'Dvarai'}]"
2293,"[{'id': 8, 'name': 'Paminklai'}]"
2294,"[{'id': 8, 'name': 'Paminklai'}]"
2295,[]
2296,[]
2297,[]
2298,[]
2299,"[{'id': 10, 'name': 'Gamta'}]"
2300,[]
2301,[]
2302,"[{'id': 4, 'name': 'Muziejai'}]"
2303,"[{'id': 2, 'name': 'Religingos vietos'}]"
2304,"[{'id': 10, 'name': 'Gamta'}]"
2305,"[{'id': 1, 'name': 'Kalnai'}]"
2306,"[{'id': 10, 'name': 'Gamta'}]"
2307,"[{'id': 10, 'name': 'Gamta'}]"
2308,[]
2309,[]
2310,"[{'id': 10, 'name': 'Gamta'}]"
2311,[]
2312,[]
2313,[]
2314,[]
2315,"[{'id': 2, 'name': 'Religingos vietos'}]"
2316,"[{'id': 2, 'name': 'Religingos vietos'}]"
2317,"[{'id': 2, 'name': 'Religingos vietos'}]"
2318,"[{'id': 2, 'name': 'Religingos vietos'}]"
2319,"[{'id': 2, 'name': 'Religingos vietos'}]"
2320,"[{'id': 2, 'name': 'Religingos vietos'}]"
2321,"[{'id': 2, 'name': 'Religingos vietos'}]"
2322,"[{'id': 2, 'name': 'Religingos vietos'},{'id': 9, 'name': 'Dvarai'}]"
2323,"[{'id': 2, 'name': 'Religingos vietos'}]"
2324,"[{'id': 2, 'name': 'Religingos vietos'}]"
2325,"[{'id': 1, 'name': 'Kalnai'},{'id': 10, 'name': 'Gamta'}]"
2326,[]
2327,[]
2328,[]
2329,[]
2330,[]
2331,"[{'id': 2, 'name': 'Religingos vietos'}]"
2332,"[{'id': 2, 'name': 'Religingos vietos'}]"
2333,"[{'id': 1, 'name': 'Kalnai'},{'id': 10, 'name': 'Gamta'}]"
2334,"[{'id': 5, 'name': 'Informacijos vietos'}]"
2335,"[{'id': 6, 'name': 'Architektūriniai kūriniai'}]"
2336,"[{'id': 5, 'name': 'Informacijos vietos'}]"
2337,[]
2338,"[{'id': 6, 'name': 'Architektūriniai kūriniai'}]"
2339,[]
2340,[]
2341,"[{'id': 2, 'name': 'Religingos vietos'}]"
2342,"[{'id': 12, 'name': 'Parkai'},{'id': 9, 'name': 'Dvarai'}]"
2343,[]
2344,"[{'id': 10, 'name': 'Gamta'}]"
2345,"[{'id': 1, 'name': 'Kalnai'}]"
2346,"[{'id': 5, 'name': 'Informacijos vietos'}]"
2347,[]
2348,"[{'id': 2, 'name': 'Religingos vietos'}]"
2349,"[{'id': 2, 'name': 'Religingos vietos'}]"
2350,"[{'id': 2, 'name': 'Religingos vietos'}]"
2351,"[{'id': 8, 'name': 'Paminklai'}]"
2352,"[{'id': 1, 'name': 'Kalnai'}]"
2353,"[{'id': 1, 'name': 'Kalnai'}]"
2354,"[{'id': 1, 'name': 'Kalnai'}]"
2355,"[{'id': 1, 'name': 'Kalnai'}]"
2356,"[{'id': 1, 'name': 'Kalnai'}]"
